
2400 2514 2556
2376 2397 2439
2652 2742 2793
2274 2409 2451
2370 2541 2586
2157 2256 2295
1215 1218 1221
1500 1623 1647
1719 1722 1731
1713 1824 1854
1356 1407 1428
1563 1710 1737
1677 1680 1689
1533 1539 1566
1302 1392 1413
1545 1557 1569
1995 2034 2070
1458 1479 1503
1722 1725 1734
1461 1491 1515
3711 3747 3816
5070 5073 5151
1515 1650 1677
1881 1950 1983
1746 1749 1758
3198 3201 3240
3033 3051 3108
2394 2397 2418
3735 3738 3789
1656 1722 1752
2790 2793 2823
1542 1617 1644
2325 2328 2349
2436 2448 2493
1995 2013 2028
2763 2766 2781
3492 3495 3549
3240 3270 3330
3513 3762 3831
2373 2379 2421
2070 2109 2145
4869 4959 5052
2949 2979 3033
1977 1980 1992
1503 1527 1551
2232 2361 2403
2481 2484 2508
2019 2022 2055
1983 2058 2094
2664 2703 2751
2034 2037 2052
2247 2295 2334
3003 3006 3039
2982 3147 3204
1836 1926 1959
1947 2049 2085
1785 1902 1932
1941 2022 2055
1944 1992 2025
2760 2814 2862
2052 2055 2070
2115 2220 2259
1767 1797 1827
1851 1869 1893
2160 2163 2181
2361 2421 2463
1569 1572 1593
3657 3837 3906
1803 1812 1842
1887 1890 1914
1851 1920 1953
2388 2391 2412
1443 1455 1464
1608 1626 1650
1458 1467 1488
1563 1566 1572
1563 1572 1584
1758 1761 1770
2079 2082 2097
1629 1689 1716
1356 1419 1443
3588 3702 3771
3315 3498 3561
2445 2448 2484
3003 3006 3042
1791 1848 1878
1680 1707 1737
1851 1860 1893
1407 1416 1425
2058 2076 2097
1740 1752 1782
2301 2391 2433
1599 1623 1647
2304 2316 2358
1521 1524 1527
1551 1569 1596
1647 1662 1689
1137 1143 1149
1863 1878 1893
1398 1452 1476
1395 1407 1416
1671 1677 1704
1449 1452 1458
1668 1767 1797
1422 1425 1443
1779 1857 1887
1512 1593 1617
1413 1425 1434
1320 1329 1338
1626 1641 1653
1866 1935 1965
1344 1368 1389
1968 2010 2043
1815 1818 1830
1680 1683 1695
1488 1545 1569
1986 1989 2004
1347 1380 1401
4143 4344 4425
3756 3792 3822
2676 2703 2751
2724 2736 2784
2793 2865 2916
2868 2889 2940
2172 2250 2289
3252 3351 3411
3300 3363 3423
2130 2211 2250
2544 2547 2574
2397 2439 2484
2106 2109 2130
2553 2580 2625
2469 2475 2517
2112 2115 2133
1635 1659 1686
2244 2247 2268
2487 2907 2961
2637 2670 2718
1908 1914 1947
1662 1665 1680
2298 2316 2334
1713 1749 1779
1203 1206 1209
1869 1971 2004
1782 1788 1818
1731 1743 1761
1761 1791 1821
1695 1698 1716
2421 2466 2508
1281 1284 1287
1806 1839 1869
2127 2166 2202
1605 1608 1611
1974 1977 1995
1485 1557 1581
1197 1269 1287
1386 1395 1404
1464 1674 1701
1320 1323 1326
1428 1479 1503
1446 1458 1464
1716 1743 1770
1500 1512 1524
1497 1509 1530
1362 1482 1506
1563 1617 1641
1995 2022 2058
1425 1467 1491
1449 1548 1572
1767 1770 1782
2016 2019 2052
1992 1995 2010
1659 1662 1671
1410 1542 1566
1629 1713 1743
1974 2046 2079
1761 1764 1773
1869 1908 1941
1734 1779 1809
1620 1623 1629
1551 1560 1584
1725 1728 1737
1794 1809 1839
1548 1551 1569
2817 3024 3078
2694 2775 2823
2436 2490 2532
2004 2085 2118
2847 2970 3021
2706 2736 2784
3300 3351 3414
2682 2715 2763
2370 2424 2466
1485 1512 1536
1584 1587 1590
1389 1440 1464
1332 1335 1350
2274 2469 2511
1668 1815 1845
1788 1806 1836
2115 2118 2148
2292 2346 2388
2166 2211 2250
2814 2817 2868
4101 4212 4290
3921 4185 4260
1824 1854 1887
2175 2235 2274
1938 2007 2040
1890 2115 2151
4377 4380 4443
3393 3600 3666
1875 1890 1905
2046 2049 2064
1710 1734 1761
1836 1902 1932
1533 1551 1578
1842 1857 1869
1221 1242 1260
1311 1356 1377
1587 1599 1608
1296 1311 1332
1575 1590 1617
1497 1509 1518
1917 1953 1986
1962 2055 2091
2514 2556 2601
1869 1920 1953
2499 2520 2541
2028 2067 2100
2007 2022 2040
2322 2325 2364
2514 2538 2583
2268 2271 2292
1782 1797 1827
1566 1569 1584
1890 1893 1905
2091 2115 2151
2733 2769 2817
2394 2415 2433
2088 2220 2259
1941 1956 1989
1680 1752 1779
1659 1671 1683
1791 1893 1923
1449 1461 1470
1587 1596 1623
1488 1509 1533
1821 1827 1857
1722 1815 1845
1974 1977 1989
2091 2094 2127
1566 1578 1590
1584 1629 1653
2835 2997 3051
1791 1806 1818
1653 1686 1713
1953 1995 2028
2583 2586 2613
1605 1656 1683
1533 1536 1542
1683 1698 1728
1962 1965 1992
1587 1590 1596
1683 1734 1761
1800 1803 1806
1467 1560 1584
1644 1659 1671
1893 1935 1968
1611 1725 1755
1710 1764 1794
1884 2019 2055
1713 1767 1797
2376 2526 2571
2055 2184 2223
1644 1656 1668
1947 1986 2019
1698 1701 1707
2424 2454 2496
1455 1458 1467
1659 1734 1761
1944 1947 1974
2724 2832 2883
2250 2322 2361
2514 2565 2610
1908 1986 2019
3264 3291 3351
1794 1878 1908
2295 2346 2385
1971 2037 2070
1866 1968 2001
2133 2352 2391
2121 2139 2157
1470 1494 1518
1371 1377 1398
1602 1629 1656
1611 1668 1695
1179 1182 1185
1794 1899 1929
1662 1746 1776
1353 1398 1419
1362 1407 1428
1371 1416 1437
1380 1425 1446
1389 1434 1455
1398 1443 1464
1404 1449 1473
1413 1458 1482
1422 1467 1488
1428 1473 1497
1437 1482 1506
1446 1491 1515
1455 1500 1524
1464 1509 1533
1473 1521 1545
1485 1530 1554
1494 1539 1566
1503 1551 1575
1512 1557 1584
1518 1566 1590
1527 1572 1599
1539 1584 1611
1551 1596 1623
1566 1614 1638
1593 1641 1668
1620 1668 1695
1647 1695 1722
1680 1728 1758
1707 1755 1785
1749 1797 1827
1788 1836 1866
1839 1887 1920
1899 1950 1983
1956 2007 2040
2028 2079 2115
2100 2151 2190
2202 2253 2292
