
AK400 KETCHIKAN, AK 1839 1839 1839 1839 2217 2232 2325 2454 2583 2235 2379 2535 2604 2694 2352 2511 2616 2226 2229 2526 2721 2856 2880 2901
AK401 SITKA, AK 1938 1938 1938 1938 2343 2358 2364 2400 2523 2361 2379 2421 2565 2739 2373 2412 2589 2352 2355 2418 2799 3075 3099 3123
AK402 JUNEAU, AK 1866 1866 1866 1866 2502 2517 2589 2697 2802 2520 2634 2763 2820 2889 2613 2745 2829 2511 2514 2757 2907 3012 3039 3060
AK403 KODIAK ISLAND, AK 1662 1662 1662 1662 2049 2064 2181 2334 2508 2067 2244 2430 2541 2676 2211 2403 2559 2058 2061 2421 2718 2928 2955 2976
AK404 ANCHORAGE, AK 1707 1707 1707 1707 2088 2103 2253 2442 2607 2106 2331 2562 2625 2703 2292 2526 2634 2097 2100 2553 2724 2841 2865 2886
AK405 FAIRBANKS, AK 1464 1464 1464 1464 1998 2013 2094 2205 2364 2016 2139 2277 2400 2550 2118 2256 2421 2007 2010 2271 2601 2835 2859 2880
AL001 ANNISTON/FORT MCCLELLAN, AL 933 933 933 933 975 1209 1227 1236 1269 1224 1233 1245 1290 1374 1230 1239 1299 1008 1206 1242 1398 1527 1539 1545
AL002 FORT RUCKER, AL 1062 1062 1062 1062 1110 1194 1350 1530 1698 1206 1425 1644 1722 1818 1389 1611 1734 1125 1191 1635 1848 1998 2013 2028
AL003 HUNTSVILLE, AL 1359 1359 1359 1359 1431 1713 1731 1740 1776 1728 1737 1749 1797 1884 1734 1743 1806 1470 1710 1746 1908 2043 2061 2073
AL004 MOBILE, AL 1389 1389 1389 1389 1500 1533 1641 1767 1902 1545 1692 1845 1926 2025 1665 1821 1938 1509 1530 1839 2058 2211 2229 2244
AL005 MONTGOMERY, AL 1191 1191 1191 1191 1245 1275 1326 1389 1485 1287 1353 1428 1512 1611 1338 1416 1524 1254 1272 1425 1644 1800 1815 1824
AL006 AUBURN, AL 1125 1125 1125 1125 1179 1314 1461 1626 1782 1326 1530 1731 1803 1896 1494 1701 1815 1200 1311 1722 1923 2061 2079 2091
AL007 BIRMINGHAM, AL 1461 1461 1461 1461 1596 1674 1689 1698 1731 1686 1695 1707 1749 1833 1692 1701 1761 1611 1671 1704 1860 1989 2004 2016
AR010 LITTLE ROCK, AR 1383 1383 1383 1383 1470 1518 1533 1548 1620 1530 1539 1563 1644 1746 1536 1557 1656 1482 1515 1560 1779 1935 1950 1962
AR012 FORT CHAFFEE/FORT SMITH, AR 855 855 855 855 897 1152 1242 1347 1434 1164 1287 1413 1446 1488 1266 1392 1449 930 1149 1407 1497 1557 1569 1578
AR411 FAYETTEVILLE, AR 1023 1023 1023 1023 1116 1329 1404 1488 1623 1344 1440 1542 1656 1797 1422 1527 1677 1146 1326 1536 1842 2061 2076 2091
AZ013 PHOENIX, AZ 1605 1605 1605 1605 1710 1929 1971 2025 2073 1944 1995 2055 2082 2115 1983 2046 2085 1743 1926 2052 2121 2169 2187 2199
AZ014 FORT HUACHUCA, AZ 1062 1062 1062 1062 1137 1425 1452 1482 1521 1440 1464 1503 1530 1569 1458 1494 1533 1176 1422 1500 1578 1632 1644 1653
AZ015 DAVIS-MONTHAN AFB, AZ 1308 1308 1308 1308 1446 1716 1734 1743 1767 1731 1740 1752 1782 1851 1737 1746 1791 1482 1713 1749 1872 1977 1992 2004
AZ016 YUMA, AZ 1041 1041 1041 1041 1116 1407 1443 1485 1554 1422 1461 1512 1572 1647 1452 1503 1581 1155 1404 1509 1668 1779 1794 1803
CA018 OAKLAND, CA 3228 3228 3228 3228 3366 3651 3690 3738 3900 3666 3711 3768 3951 4170 3702 3759 3981 3402 3648 3765 4245 4593 4635 4674
CA019 SAN FRANCISCO, CA 4536 4536 4536 4536 4971 5064 5079 5088 5202 5076 5085 5097 5250 5457 5082 5091 5280 4989 5061 5094 5529 5859 5913 5964
CA021 CHINA LAKE, CA 981 981 981 981 1032 1281 1419 1572 1725 1296 1482 1671 1749 1842 1449 1641 1761 1068 1278 1662 1872 2019 2037 2049
CA022 FRESNO, CA 1497 1497 1497 1497 1593 1767 1836 1920 2016 1779 1872 1971 2034 2112 1854 1956 2043 1620 1764 1968 2133 2250 2268 2283
CA023 LEMOORE NAS, CA 1476 1476 1476 1476 1518 1740 1758 1767 1785 1755 1764 1776 1803 1866 1761 1770 1809 1551 1737 1773 1884 1980 1995 2007
CA024 CAMP PENDLETON, CA 2574 2574 2574 2574 2793 3189 3210 3219 3270 3207 3216 3228 3297 3414 3213 3222 3312 2844 3186 3225 3450 3633 3663 3693
CA025 VENTURA, CA 2616 2616 2616 2616 2688 3003 3027 3054 3156 3018 3039 3075 3192 3333 3033 3066 3210 2730 3000 3072 3381 3606 3639 3666
CA026 VANDENBERG AFB, CA 2097 2097 2097 2097 2265 2388 2403 2412 2442 2400 2409 2421 2460 2535 2406 2415 2469 2286 2385 2418 2556 2673 2694 2712
CA027 MARIN/SONOMA, CA 3141 3141 3141 3141 3231 3726 3747 3756 3915 3744 3753 3765 3984 4272 3750 3759 4026 3291 3723 3762 4377 4839 4881 4923
CA028 BARSTOW/FORT IRWIN, CA 1311 1311 1311 1311 1359 1548 1614 1695 1788 1560 1650 1743 1806 1884 1632 1728 1815 1386 1545 1740 1908 2028 2043 2055
CA031 SAN BERNARDINO, CA 2226 2226 2226 2226 2430 2781 2799 2808 2820 2796 2805 2817 2823 2829 2802 2811 2826 2475 2778 2814 2832 2835 2838 2859
CA032 TWENTY NINE PALMS MCB, CA 1131 1131 1131 1131 1206 1416 1494 1584 1704 1431 1533 1638 1731 1842 1512 1623 1746 1236 1413 1635 1878 2049 2067 2079
CA033 BEALE AFB, CA 2013 2013 2013 2013 2112 2319 2334 2343 2403 2331 2340 2352 2433 2556 2337 2346 2448 2142 2316 2349 2598 2790 2814 2835
CA034 SACRAMENTO, CA 2112 2112 2112 2112 2286 2415 2430 2454 2523 2427 2442 2472 2544 2637 2436 2466 2556 2307 2412 2469 2667 2808 2832 2853
CA035 STOCKTON, CA 1686 1686 1686 1686 1713 1845 1887 1938 2079 1857 1908 1968 2121 2307 1896 1959 2148 1734 1842 1965 2370 2661 2682 2703
CA036 VALLEJO/TRAVIS AFB, CA 2532 2532 2532 2532 2727 2748 2763 2772 2802 2760 2769 2781 2823 2913 2766 2775 2835 2736 2745 2778 2940 3075 3102 3123
CA037 LOS ANGELES, CA 3006 3006 3006 3006 3354 3483 3498 3507 3609 3495 3504 3516 3651 3825 3501 3510 3675 3375 3480 3513 3885 4161 4197 4233
CA038 SAN DIEGO, CA 2691 2691 2691 2691 2949 3192 3225 3267 3366 3207 3243 3291 3396 3522 3234 3282 3414 2982 3189 3288 3564 3765 3798 3828
CA039 MONTEREY, CA 2418 2418 2418 2418 2499 3090 3339 3609 3861 3111 3453 3783 3891 4023 3396 3735 3909 2571 3084 3768 4068 4275 4311 4347
CA041 RIVERSIDE, CA 2091 2091 2091 2091 2199 2355 2370 2388 2457 2367 2376 2403 2481 2580 2373 2397 2493 2220 2352 2400 2610 2763 2787 2805
CA042 HUMBOLDT COUNTY, CA 1368 1368 1368 1368 1473 1788 1908 2043 2229 1803 1965 2130 2268 2439 1938 2103 2292 1512 1785 2121 2496 2760 2784 2805
CA044 SANTA CLARA COUNTY, CA 3849 3849 3849 3849 4119 4707 4806 4914 5211 4725 4851 4980 5298 5679 4830 4962 5355 4191 4701 4974 5817 6423 6483 6537
CA392 SAN LUIS OBISPO, CA 2073 2073 2073 2073 2226 2895 2934 2976 3078 2913 2952 3000 3111 3246 2943 2991 3129 2307 2889 2997 3291 3504 3534 3561
CA393 BRIDGEPORT, CA 1341 1341 1341 1341 1410 1965 1986 1995 2070 1983 1992 2004 2106 2259 1989 1998 2127 1479 1962 2001 2310 2550 2571 2589
CA420 ELCENTRO, CA 1320 1320 1320 1320 1380 1464 1491 1527 1596 1476 1506 1551 1617 1704 1497 1542 1629 1395 1461 1548 1728 1857 1872 1884
CA457 EDWARDS AFB/PALMDALE, CA 1857 1857 1857 1857 1911 2013 2142 2289 2433 2025 2205 2382 2457 2547 2172 2355 2469 1929 2010 2373 2574 2715 2739 2757
CO045 DENVER, CO 1947 1947 1947 1947 2169 2475 2493 2502 2526 2490 2499 2511 2544 2619 2496 2505 2553 2211 2472 2508 2637 2748 2772 2793
CO046 COLORADO SPRINGS, CO 1827 1827 1827 1827 1947 2004 2019 2031 2082 2016 2025 2043 2100 2172 2022 2037 2109 1959 2001 2040 2193 2304 2322 2340
CO047 FORT COLLINS, CO 1623 1623 1623 1623 1704 1860 1935 2025 2124 1872 1974 2079 2142 2220 1953 2064 2151 1728 1857 2076 2244 2361 2382 2397
CO422 BOULDER, CO 1989 1989 1989 1989 2172 2598 2643 2694 2766 2616 2664 2724 2784 2862 2655 2715 2793 2226 2595 2721 2883 3000 3024 3048
CT049 NEW LONDON, CT 1470 1470 1470 1470 1548 2022 2043 2052 2088 2040 2049 2061 2109 2196 2046 2055 2118 1608 2019 2058 2220 2352 2373 2388
CT050 HARTFORD, CT 1887 1887 1887 1887 1923 2166 2217 2280 2406 2181 2244 2316 2442 2598 2232 2304 2463 1956 2163 2313 2649 2889 2913 2937
CT051 NEW HAVEN/FAIRFIELD, CT 2754 2754 2754 2754 2757 2997 3015 3024 3081 3012 3021 3033 3111 3237 3018 3027 3126 2787 2994 3030 3276 3471 3501 3528
DC053 WASHINGTON, DC METRO AREA 2520 2520 2520 2520 2544 2700 2865 3051 3225 2715 2943 3168 3249 3351 2904 3135 3264 2568 2697 3159 3384 3540 3570 3600
DE054 DOVER AFB/REHOBOTH, DE 1605 1605 1605 1605 1668 1689 1776 1881 1989 1701 1821 1947 2007 2082 1797 1929 2016 1677 1686 1941 2103 2217 2235 2250
FL056 EGLIN AFB, FL 1647 1647 1647 1647 1665 1776 1878 1995 2118 1788 1926 2070 2136 2220 1902 2049 2148 1683 1773 2064 2244 2370 2388 2406
FL057 GAINESVILLE, FL 1449 1449 1449 1449 1452 1593 1707 1839 1989 1605 1761 1923 2016 2130 1734 1899 2031 1470 1590 1914 2166 2343 2361 2376
FL058 JACKSONVILLE, FL 1617 1617 1617 1617 1674 1809 1890 1983 2064 1821 1929 2043 2073 2115 1911 2025 2079 1695 1806 2037 2124 2184 2202 2217
FL059 PATRICK AFB, FL 1755 1755 1755 1755 1839 1872 1917 1977 2043 1884 1944 2013 2055 2109 1929 2001 2061 1848 1869 2010 2121 2202 2217 2232
FL061 MIAMI/FORT LAUDERDALE, FL 2337 2337 2337 2337 2352 2670 2727 2793 2937 2685 2757 2835 2976 3150 2742 2823 3003 2394 2667 2832 3210 3483 3513 3540
FL062 ORLANDO, FL 1881 1881 1881 1881 1926 2049 2064 2073 2088 2061 2070 2082 2103 2157 2067 2076 2109 1947 2046 2079 2172 2253 2271 2286
FL063 PANAMA CITY, FL 1713 1713 1713 1713 1791 1944 2046 2166 2295 1956 2097 2241 2316 2412 2073 2220 2328 1815 1941 2235 2439 2583 2604 2625
FL064 PENSACOLA, FL 1461 1461 1461 1461 1503 1716 1749 1791 1857 1728 1767 1818 1875 1944 1758 1809 1884 1533 1713 1815 1965 2070 2088 2100
FL065 TALLAHASSEE, FL 1473 1473 1473 1473 1476 1497 1632 1785 1977 1509 1695 1884 2013 2172 1665 1857 2034 1485 1494 1875 2223 2469 2490 2508
FL066 TAMPA, FL 1959 1959 1959 1959 2082 2157 2172 2181 2214 2169 2178 2190 2235 2322 2175 2184 2247 2094 2154 2187 2349 2484 2502 2520
FL067 WEST PALM BEACH, FL 2115 2115 2115 2115 2226 2262 2322 2397 2511 2274 2355 2442 2538 2658 2337 2427 2556 2235 2259 2439 2697 2880 2904 2928
FL068 OCALA, FL 1482 1482 1482 1482 1530 1557 1572 1581 1659 1569 1578 1590 1686 1806 1575 1584 1701 1539 1554 1587 1845 2031 2046 2058
FL069 FLORIDA KEYS, FL 2679 2679 2679 2679 2817 3348 3531 3732 3960 3369 3615 3858 3999 4173 3573 3822 4023 2883 3342 3846 4233 4506 4545 4584
FL070 VOLUSIA COUNTY, FL 1638 1638 1638 1638 1752 1782 1797 1818 1881 1794 1806 1833 1899 1983 1800 1827 1911 1761 1779 1830 2007 2136 2154 2169
FL423 FORT PIERCE, FL 1683 1683 1683 1683 1848 1869 1884 1893 1950 1881 1890 1905 1968 2049 1887 1899 1977 1857 1866 1902 2073 2193 2211 2226
FL424 FT MYERS BCH, FL 1620 1620 1620 1620 1689 1740 1809 1890 1962 1752 1842 1941 1974 2013 1824 1926 1977 1701 1737 1938 2022 2079 2094 2109
GA071 ATLANTA, GA 2124 2124 2124 2124 2259 2385 2400 2409 2463 2397 2406 2418 2490 2610 2403 2412 2505 2277 2382 2415 2649 2832 2856 2877
GA072 ALBANY, GA 1008 1008 1008 1008 1035 1065 1173 1302 1467 1077 1227 1380 1500 1647 1200 1359 1521 1044 1062 1374 1695 1923 1938 1950
GA073 FORT GORDON, GA 1428 1428 1428 1428 1443 1581 1602 1629 1713 1593 1614 1647 1740 1851 1608 1641 1752 1464 1578 1644 1887 2064 2079 2094
GA074 KINGS BAY/BRUNSWICK, GA 1323 1323 1323 1323 1377 1437 1452 1473 1557 1449 1461 1488 1584 1704 1455 1482 1599 1389 1434 1485 1740 1926 1941 1950
GA075 FORT BENNING, GA 1173 1173 1173 1173 1200 1554 1575 1584 1596 1572 1581 1593 1602 1647 1578 1587 1605 1245 1551 1590 1656 1719 1731 1740
GA076 ROBINS AFB, GA 1227 1227 1227 1227 1302 1323 1377 1443 1578 1335 1404 1485 1617 1776 1392 1473 1638 1311 1320 1482 1830 2082 2097 2112
GA077 SAVANNAH, GA 1467 1467 1467 1467 1557 1752 1767 1776 1806 1764 1773 1785 1824 1899 1770 1779 1833 1587 1749 1782 1920 2037 2052 2064
GA079 DAHLONEGA, GA 1473 1473 1473 1473 1485 2070 2091 2100 2112 2088 2097 2109 2115 2127 2094 2103 2118 1557 2064 2106 2130 2163 2181 2196
GA080 FORT STEWART, GA 1428 1428 1428 1428 1512 1533 1590 1665 1773 1545 1623 1710 1800 1908 1605 1695 1812 1521 1530 1707 1944 2112 2130 2142
GA081 MOODY AFB, GA 1056 1056 1056 1056 1080 1188 1275 1377 1497 1200 1317 1440 1521 1620 1296 1422 1533 1098 1185 1437 1653 1806 1818 1830
HI407 MAUI COUNTY, HI 2529 2529 2529 2529 2859 3390 3510 3642 3783 3408 3564 3723 3807 3909 3537 3699 3819 2925 3387 3717 3942 4101 4137 4170
HI408 HONOLULU COUNTY, HI 2823 2823 2823 2823 2991 3012 3189 3390 3588 3024 3273 3519 3618 3738 3231 3480 3633 3000 3009 3507 3777 3966 4002 4032
HI409 HAWAII COUNTY, HI 2139 2139 2139 2139 2223 2430 2448 2457 2499 2445 2454 2466 2514 2583 2451 2460 2523 2250 2427 2463 2601 2703 2724 2745
HI414 KAUAI COUNTY,HI 2433 2433 2433 2433 2742 2997 3015 3024 3069 3012 3021 3033 3096 3201 3018 3027 3108 2778 2994 3030 3234 3399 3429 3456
IA082 DES MOINES, IA 1266 1266 1266 1266 1386 1695 1758 1827 1926 1710 1785 1869 1947 2046 1770 1857 1959 1428 1692 1866 2073 2223 2241 2256
ID084 BOISE, ID 1422 1422 1422 1422 1431 1638 1668 1707 1782 1650 1686 1731 1803 1896 1677 1722 1815 1461 1635 1728 1923 2067 2082 2097
ID086 MOUNTAIN HOME AFB, ID 1323 1323 1323 1323 1500 1824 1845 1869 1932 1842 1854 1884 1950 2037 1851 1878 1962 1542 1821 1881 2064 2196 2211 2226
IL088 CHAMPAIGN/URBANA, IL 1032 1032 1032 1032 1089 1356 1374 1398 1485 1368 1383 1413 1515 1638 1380 1407 1530 1125 1353 1410 1680 1875 1887 1899
IL089 ROCK ISLAND, IL 1530 1530 1530 1530 1647 1764 1875 2004 2187 1776 1929 2085 2229 2406 1902 2061 2253 1665 1761 2076 2466 2745 2766 2787
IL090 PEORIA, IL 1125 1125 1125 1125 1182 1710 1734 1758 1836 1728 1746 1776 1863 1971 1740 1767 1875 1245 1707 1773 2004 2172 2190 2205
IL092 GREAT LAKES NAVTRACEN, IL 1530 1530 1530 1530 1599 2148 2244 2346 2511 2166 2286 2412 2550 2718 2265 2394 2574 1665 2142 2406 2772 3036 3063 3084
IL093 SCOTT AFB, IL 1161 1161 1161 1161 1221 1395 1482 1581 1719 1407 1524 1644 1752 1884 1503 1626 1770 1248 1392 1638 1926 2133 2148 2163
IL325 CHICAGO, IL 1920 1920 1920 1920 2058 2277 2298 2322 2400 2292 2307 2340 2424 2529 2304 2334 2436 2091 2274 2337 2562 2724 2748 2766
IL335 SPRINGFIELD/DECATUR,IL 921 921 921 921 987 1509 1530 1539 1551 1527 1536 1548 1563 1611 1533 1542 1566 1050 1506 1545 1620 1692 1704 1713
IN094 INDIANAPOLIS, IN 1443 1443 1443 1443 1506 1527 1545 1575 1626 1539 1557 1593 1644 1707 1551 1584 1650 1515 1524 1590 1725 1824 1836 1848
IN097 FORT WAYNE, IN 1323 1323 1323 1323 1530 1551 1593 1650 1764 1563 1617 1683 1797 1935 1605 1674 1815 1539 1548 1680 1980 2196 2214 2229
IN338 TERRE HAUTE, IN 951 951 951 951 975 1011 1026 1035 1113 1023 1032 1044 1143 1272 1029 1038 1161 984 1008 1041 1314 1515 1524 1533
IN399 BLOOMINGTON, IN 1170 1170 1170 1170 1257 1380 1497 1632 1839 1395 1554 1716 1887 2091 1527 1692 1914 1275 1377 1710 2163 2484 2505 2523
KS100 FORT RILEY, KS 1047 1047 1047 1047 1113 1308 1365 1431 1518 1320 1392 1473 1536 1617 1380 1461 1548 1143 1305 1470 1641 1761 1776 1785
KS101 WICHITA/MCCONNELL AFB, KS 993 993 993 993 1011 1362 1383 1392 1452 1380 1389 1401 1482 1614 1386 1395 1500 1056 1359 1398 1656 1860 1875 1887
KS102 FORT LEAVENWORTH, KS 1494 1494 1494 1494 1590 1656 1671 1686 1734 1668 1677 1701 1752 1818 1674 1695 1758 1602 1653 1698 1833 1932 1947 1959
KS105 TOPEKA, KS 1038 1038 1038 1038 1167 1440 1458 1467 1506 1455 1464 1476 1527 1617 1461 1470 1539 1203 1437 1473 1641 1776 1791 1800
KY106 FORT CAMPBELL, KY 1356 1356 1356 1356 1380 1500 1599 1716 1848 1512 1647 1788 1872 1974 1623 1767 1884 1401 1497 1782 2004 2163 2181 2196
KY107 LEXINGTON, KY 1227 1227 1227 1227 1299 1410 1425 1434 1506 1422 1431 1443 1533 1644 1428 1437 1548 1317 1407 1440 1680 1851 1866 1878
KY109 LOUISVILLE, KY 1440 1440 1440 1440 1566 1653 1731 1821 1917 1665 1767 1878 1935 2007 1749 1860 1944 1581 1650 1872 2028 2139 2157 2169
KY110 FORT KNOX, KY 1002 1002 1002 1002 1047 1374 1458 1554 1665 1389 1500 1614 1689 1779 1479 1596 1698 1089 1371 1608 1809 1950 1965 1977
KY339 FRANKFORT, KY 882 882 882 882 903 1101 1209 1332 1485 1116 1263 1410 1515 1644 1236 1389 1533 933 1098 1404 1686 1884 1899 1911
KY430 PADUCAH, KY 951 951 951 951 957 1176 1230 1296 1401 1188 1257 1335 1428 1545 1245 1323 1443 987 1173 1332 1581 1758 1773 1782
LA113 ALEXANDRIA, LA 879 879 879 879 897 1290 1311 1335 1479 1308 1323 1350 1530 1749 1317 1344 1560 945 1287 1347 1824 2169 2187 2202
LA114 BATON ROUGE, LA 1428 1428 1428 1428 1539 1755 1824 1905 2028 1770 1860 1956 2058 2184 1842 1941 2073 1569 1752 1950 2223 2418 2439 2454
LA115 FORT POLK, LA 876 876 876 876 987 1302 1332 1368 1431 1317 1347 1389 1452 1527 1341 1383 1461 1029 1299 1386 1548 1665 1677 1686
LA116 NEW ORLEANS, LA 1455 1455 1455 1455 1647 1818 1893 1977 2124 1830 1929 2031 2163 2322 1911 2016 2184 1671 1815 2025 2376 2625 2649 2667
LA117 SHREVEPORT/BARKSDALE AFB, LA 1326 1326 1326 1326 1428 1806 1827 1836 1869 1824 1833 1845 1890 1977 1830 1839 1902 1476 1803 1842 2004 2136 2154 2169
LA118 LAFAYETTE, LA 1326 1326 1326 1326 1395 1671 1689 1698 1770 1686 1695 1707 1803 1944 1692 1701 1821 1434 1668 1704 1989 2208 2226 2241
LA326 ST MARY AND TERREBONNE, LA 1203 1203 1203 1203 1305 1398 1452 1521 1620 1410 1482 1566 1644 1743 1467 1551 1656 1320 1395 1560 1770 1923 1938 1947
LA370 LAKE CHARLES, LA 1392 1392 1392 1392 1500 1977 1998 2007 2019 1995 2004 2016 2022 2031 2001 2010 2025 1557 1971 2013 2034 2064 2079 2094
LA371 MONROE, LA 918 918 918 918 951 1293 1332 1374 1461 1308 1350 1404 1485 1584 1341 1395 1497 996 1290 1401 1614 1770 1785 1794
MA119 NANTUCKET, MA 3156 3156 3156 3156 3369 3798 4002 4224 4437 3819 4095 4365 4464 4587 4047 4326 4482 3423 3795 4353 4629 4818 4863 4902
MA120 BOSTON, MA 2910 2910 2910 2910 3075 3513 3597 3687 3945 3531 3636 3744 4023 4356 3615 3726 4071 3129 3510 3738 4476 5007 5055 5097
MA122 WORCESTER, MA 2040 2040 2040 2040 2049 2631 2664 2700 2844 2649 2679 2724 2892 3096 2673 2715 2919 2121 2625 2721 3165 3486 3516 3543
MA123 FITCHBURG, MA 2094 2094 2094 2094 2244 2697 2718 2742 2805 2715 2730 2760 2826 2913 2724 2751 2838 2301 2694 2757 2937 3069 3093 3117
MA124 CAPE COD-PLYMOUTH, MA 2370 2370 2370 2370 2400 2673 2748 2832 2973 2688 2784 2886 3006 3153 2766 2871 3027 2436 2670 2883 3201 3429 3459 3486
MA125 ESSEX CO, MA 2328 2328 2328 2328 2502 2829 2856 2889 3051 2844 2871 2910 3108 3345 2865 2904 3141 2544 2826 2907 3429 3804 3837 3870
MA126 HAMPDEN COUNTY, MA 1563 1563 1563 1563 1650 2034 2121 2214 2364 2052 2160 2271 2400 2553 2139 2256 2421 1698 2031 2268 2604 2847 2871 2892
MA151 MARTHA'S VINEYARD, MA 2448 2448 2448 2448 2748 3084 3186 3300 3420 3102 3234 3372 3438 3525 3210 3351 3450 2793 3081 3366 3549 3678 3711 3738
MA377 HANSCOM AFB, MA 2598 2598 2598 2598 2694 3132 3222 3321 3546 3150 3264 3384 3609 3876 3243 3366 3648 2748 3129 3378 3972 4398 4437 4476
MD127 ABERDEEN PROVING GROUNDS, MD 1713 1713 1713 1713 1821 1998 2079 2172 2307 2010 2118 2232 2337 2463 2100 2214 2352 1848 1995 2226 2502 2700 2724 2742
MD128 ANNAPOLIS, MD 2190 2190 2190 2190 2283 2538 2556 2565 2646 2553 2562 2574 2685 2844 2559 2568 2706 2316 2535 2571 2898 3147 3174 3198
MD129 BALTIMORE, MD 1911 1911 1911 1911 2070 2328 2373 2427 2553 2343 2397 2460 2589 2748 2385 2451 2613 2106 2325 2457 2799 3045 3072 3096
MD130 FORT DETRICK, MD 1734 1734 1734 1734 1824 2097 2115 2124 2199 2112 2121 2133 2232 2373 2118 2127 2253 1860 2094 2130 2421 2643 2664 2682
MD133 FORT G. G. MEADE, MD 2100 2100 2100 2100 2190 2502 2538 2577 2673 2517 2556 2604 2703 2823 2547 2595 2718 2229 2499 2601 2862 3051 3078 3102
MD134 INDIAN HEAD NAVORDSTA, MD 2160 2160 2160 2160 2337 2454 2469 2484 2607 2466 2475 2499 2649 2835 2472 2493 2676 2355 2451 2496 2898 3189 3216 3240
MD135 PATUXENT RIVER, MD 1692 1692 1692 1692 1791 2106 2124 2133 2175 2121 2130 2142 2196 2295 2127 2136 2208 1830 2103 2139 2322 2472 2493 2511
MD432 OCEAN CITY, MD 1332 1332 1332 1332 1338 1590 1620 1659 1743 1605 1638 1683 1770 1881 1629 1674 1785 1371 1587 1680 1914 2085 2100 2115
MD458 OXFORD,MD 1686 1686 1686 1686 1902 2238 2256 2265 2286 2253 2262 2274 2301 2367 2259 2268 2310 1947 2235 2271 2385 2484 2502 2520
ME136 BRUNSWICK, ME 1368 1368 1368 1368 1629 1728 2157 2628 2991 1749 2352 2928 3015 3120 2253 2844 3027 1647 1725 2904 3153 3315 3345 3369
ME139 PORTLAND, ME 2052 2052 2052 2052 2055 2583 2622 2664 2817 2601 2640 2691 2868 3078 2631 2682 2898 2115 2577 2688 3153 3489 3519 3546
ME141 COASTAL MAINE, ME 1467 1467 1467 1467 1719 1887 1902 1923 2010 1899 1911 1938 2037 2163 1905 1932 2055 1743 1884 1935 2202 2397 2415 2433
ME390 BANGOR, ME 1155 1155 1155 1155 1344 1650 1668 1677 1695 1665 1674 1686 1704 1746 1671 1680 1710 1386 1647 1683 1752 1809 1824 1833
MI142 DETROIT, MI 1737 1737 1737 1737 1965 2268 2286 2295 2403 2283 2292 2304 2454 2661 2289 2298 2481 2004 2265 2301 2733 3063 3087 3111
MI143 MARQUETTE, MI 1191 1191 1191 1191 1212 1644 1689 1740 1818 1662 1713 1770 1836 1917 1701 1761 1845 1266 1641 1767 1941 2064 2079 2094
MI145 SAULT STE MARIE, MI 1047 1047 1047 1047 1164 1191 1206 1215 1245 1203 1212 1224 1266 1344 1209 1218 1275 1173 1188 1221 1365 1485 1494 1503
MI146 TRAVERSE CITY, MI 1524 1524 1524 1524 1674 1698 1797 1917 2031 1710 1848 1992 2049 2121 1824 1971 2058 1683 1695 1986 2139 2247 2265 2280
MI148 GRAND HAVEN, MI 1416 1416 1416 1416 1488 1758 1776 1797 1836 1773 1785 1812 1851 1902 1782 1806 1854 1524 1755 1809 1914 1989 2004 2016
MI152 BATTLE CREEK/KALAMAZOO, MI 1140 1140 1140 1140 1263 1656 1689 1731 1842 1671 1707 1755 1875 2025 1698 1746 1896 1314 1653 1752 2073 2307 2325 2340
MI153 LANSING, MI 1305 1305 1305 1305 1446 1710 1743 1785 1869 1722 1761 1812 1893 1995 1752 1803 1908 1482 1707 1809 2025 2181 2199 2214
MI154 GRAND RAPIDS, MI 1479 1479 1479 1479 1659 1680 1695 1704 1791 1692 1701 1713 1824 1959 1698 1707 1842 1668 1677 1710 2004 2220 2238 2250
MI155 ANN ARBOR, MI 1776 1776 1776 1776 1947 2340 2394 2451 2532 2358 2418 2487 2550 2631 2406 2475 2562 1998 2337 2484 2655 2778 2799 2820
MI156 SAGINAW, MI 1011 1011 1011 1011 1146 1275 1290 1299 1311 1287 1296 1308 1320 1365 1293 1302 1326 1167 1272 1305 1374 1437 1446 1452
MN158 DULUTH, MN 1545 1545 1545 1545 1668 1755 1788 1833 1902 1767 1806 1860 1920 1998 1797 1851 1932 1686 1752 1857 2022 2139 2157 2169
MN159 MINNEAPOLIS/ST PAUL, MN 1617 1617 1617 1617 1734 2058 2103 2154 2229 2076 2127 2187 2247 2325 2115 2175 2256 1776 2055 2184 2346 2463 2481 2499
MO160 KANSAS CITY, MO 1512 1512 1512 1512 1563 1602 1617 1626 1653 1614 1623 1635 1671 1752 1620 1629 1683 1575 1599 1632 1776 1899 1911 1923
MO161 ST.LOUIS, MO 1491 1491 1491 1491 1494 1962 1983 1992 2034 1980 1989 2001 2058 2145 1986 1995 2067 1551 1959 1998 2172 2310 2331 2346
MO162 WHITEMAN AFB, MO 981 981 981 981 1086 1281 1383 1503 1641 1293 1434 1578 1668 1776 1410 1557 1683 1116 1278 1572 1812 1980 1995 2010
MO163 FORT LEONARD WOOD, MO 888 888 888 888 954 1080 1152 1236 1314 1092 1188 1290 1326 1374 1170 1272 1332 975 1077 1284 1386 1458 1467 1473
MO164 SPRINGFIELD, MO 966 966 966 966 1017 1140 1194 1257 1383 1152 1221 1296 1419 1566 1206 1284 1437 1038 1137 1293 1614 1848 1860 1872
MO165 COLUMBIA/JEFFERSON CITY,MO 918 918 918 918 972 1050 1278 1533 1737 1065 1383 1695 1752 1824 1332 1650 1761 987 1047 1683 1845 1953 1968 1980
MO344 SAINT JOSEPH, MO 957 957 957 957 1044 1314 1332 1341 1362 1329 1338 1350 1377 1443 1335 1344 1386 1080 1311 1347 1461 1560 1572 1581
MS168 GULFPORT, MS 1218 1218 1218 1218 1311 1341 1395 1461 1548 1353 1422 1500 1569 1650 1407 1488 1578 1320 1338 1497 1674 1803 1815 1827
MS169 COLUMBUS AFB, MS 936 936 936 936 939 1272 1329 1395 1512 1287 1356 1434 1542 1677 1344 1422 1560 981 1269 1431 1719 1929 1944 1953
MS170 JACKSON, MS 1383 1383 1383 1383 1494 1674 1704 1740 1839 1686 1719 1764 1869 1995 1710 1755 1884 1521 1671 1761 2037 2238 2256 2271
MS171 MERIDIAN, MS 939 939 939 939 996 1209 1305 1413 1566 1224 1350 1482 1599 1737 1329 1464 1617 1026 1206 1476 1782 2001 2016 2031
MS172 HATTIESBURG, MS 1164 1164 1164 1164 1200 1320 1392 1476 1602 1332 1425 1527 1629 1758 1410 1512 1647 1221 1317 1524 1797 1995 2010 2022
MT175 MALMSTROM AFB/GREAT FLS, MT 936 936 936 936 996 1158 1278 1416 1536 1170 1335 1503 1548 1608 1308 1479 1557 1020 1155 1497 1623 1707 1722 1731
MT347 HELENA, MT 987 987 987 987 1065 1470 1530 1596 1692 1485 1557 1638 1713 1809 1542 1626 1725 1116 1467 1632 1839 1986 2001 2013
NC176 OUTER BANKS, NC 1674 1674 1674 1674 1755 1947 1980 2019 2103 1962 1998 2046 2130 2232 1989 2037 2142 1785 1944 2043 2265 2427 2445 2463
NC177 MOREHEAD/CHERRY PT MCAS, NC 1305 1305 1305 1305 1308 1329 1383 1449 1554 1341 1410 1488 1581 1692 1395 1476 1593 1314 1326 1485 1725 1899 1914 1926
NC178 CAMP LEJEUNE, NC 1263 1263 1263 1263 1266 1287 1383 1497 1587 1299 1431 1569 1593 1629 1407 1548 1596 1272 1284 1563 1635 1686 1698 1707
NC179 CHARLOTTE, NC 1575 1575 1575 1575 1668 1764 1779 1788 1848 1776 1785 1797 1878 2004 1782 1791 1893 1686 1761 1794 2046 2244 2262 2277
NC180 DURHAM/CHAPEL HILL, NC 1533 1533 1533 1533 1632 1995 2016 2028 2112 2013 2022 2040 2145 2274 2019 2034 2160 1677 1992 2037 2316 2517 2538 2553
NC181 ELIZABETH CITY, NC 1512 1512 1512 1512 1527 1983 2004 2013 2055 2001 2010 2022 2082 2181 2007 2016 2094 1584 1980 2019 2214 2370 2391 2406
NC182 FORT BRAGG/POPE, NC 1233 1233 1233 1233 1314 1653 1671 1680 1701 1668 1677 1689 1716 1779 1674 1683 1722 1359 1650 1686 1794 1890 1905 1917
NC183 SEYMOUR JOHNSON AFB, NC 1101 1101 1101 1101 1104 1194 1323 1470 1608 1206 1383 1563 1629 1713 1353 1536 1641 1116 1191 1554 1737 1866 1881 1890
NC184 GREENSBORO, NC 1200 1200 1200 1200 1236 1485 1572 1671 1767 1497 1614 1734 1782 1839 1593 1716 1788 1272 1482 1731 1854 1944 1959 1971
NC185 RALEIGH, NC 1506 1506 1506 1506 1587 1857 1932 2013 2085 1872 1965 2067 2094 2130 1947 2052 2097 1623 1854 2061 2136 2190 2205 2220
NC186 WILMINGTON, NC 1368 1368 1368 1368 1398 1752 1770 1779 1833 1767 1776 1788 1863 1983 1773 1782 1878 1443 1749 1785 2019 2205 2223 2238
NC187 ASHEVILLE, NC 1479 1479 1479 1479 1596 1806 1848 1899 2001 1821 1869 1929 2031 2157 1860 1920 2049 1626 1803 1926 2196 2391 2409 2427
ND188 BISMARCK, ND 1170 1170 1170 1170 1266 1656 1707 1764 1854 1671 1731 1800 1875 1965 1719 1791 1887 1317 1653 1797 1992 2133 2148 2163
ND189 FARGO, ND 1065 1065 1065 1065 1191 1611 1632 1641 1653 1629 1638 1650 1659 1701 1635 1644 1662 1242 1608 1647 1710 1773 1788 1797
ND190 GRAND FORKS, ND 1224 1224 1224 1224 1353 1533 1548 1569 1629 1545 1557 1581 1650 1737 1551 1575 1659 1377 1530 1578 1761 1893 1908 1920
ND191 MINOT AFB, ND 1125 1125 1125 1125 1230 1716 1737 1746 1770 1734 1743 1755 1788 1857 1740 1749 1794 1290 1713 1752 1875 1983 1998 2010
NE192 OMAHA/OFFUTT AFB, NE 1254 1254 1254 1254 1428 1767 1788 1815 1896 1782 1800 1833 1923 2037 1794 1824 1938 1473 1764 1830 2070 2247 2265 2280
NE193 LINCOLN, NE 1068 1068 1068 1068 1119 1533 1551 1560 1614 1548 1557 1569 1632 1716 1554 1563 1644 1170 1530 1566 1740 1869 1884 1896
NH194 PORTSMOUTH, NH/KITTERY, ME 2016 2016 2016 2016 2253 2466 2673 2901 3129 2484 2766 3045 3159 3300 2721 3003 3180 2283 2463 3033 3345 3564 3594 3621
NH195 MANCHESTER/CONCORD, NH 2028 2028 2028 2028 2190 2553 2640 2736 2892 2568 2679 2796 2931 3093 2661 2778 2952 2235 2550 2790 3147 3405 3432 3459
NJ196 ATLANTIC CITY, NJ 1821 1821 1821 1821 1899 2346 2406 2469 2568 2364 2433 2511 2595 2697 2418 2499 2607 1956 2343 2508 2730 2889 2913 2934
NJ198 CAPE MAY, NJ 1575 1575 1575 1575 1701 1872 1953 2046 2139 1884 1992 2106 2154 2214 1971 2088 2160 1725 1869 2100 2229 2322 2340 2355
NJ200 FORT MONMOUTH/EARLE NWS, NJ 2376 2376 2376 2376 2433 2643 2766 2904 3117 2658 2823 2991 3168 3381 2793 2964 3198 2463 2640 2982 3456 3795 3828 3858
NJ201 PERTH AMBOY, NJ 2091 2091 2091 2091 2220 2658 2694 2733 2826 2676 2709 2757 2853 2973 2703 2748 2868 2277 2655 2754 3012 3198 3225 3249
NJ202 NORTHERN NEW JERSEY 2814 2814 2814 2814 3006 3219 3270 3333 3459 3231 3297 3372 3495 3642 3285 3360 3516 3036 3216 3369 3690 3924 3957 3990
NJ203 TRENTON, NJ 2172 2172 2172 2172 2400 2625 2661 2709 2823 2637 2682 2736 2856 3003 2673 2727 2877 2430 2622 2733 3054 3285 3312 3339
NJ204 JB MCGUIRE-DIX-LAKEHURST, NJ 1869 1869 1869 1869 1962 2280 2337 2403 2484 2295 2367 2445 2502 2571 2352 2433 2508 2004 2277 2439 2592 2700 2721 2742
NM205 HOLLOMAN AFB/ALAMOGORDO, NM 1092 1092 1092 1092 1230 1446 1473 1509 1569 1458 1491 1533 1584 1650 1482 1524 1593 1260 1443 1530 1668 1767 1779 1788
NM206 ALBUQUERQUE/KIRTLAND AFB, NM 1455 1455 1455 1455 1545 1572 1587 1596 1623 1584 1593 1605 1641 1722 1590 1599 1653 1554 1569 1602 1746 1869 1884 1893
NM207 CANNON AFB/CLOVIS, NM 924 924 924 924 1020 1299 1356 1422 1512 1314 1383 1461 1533 1620 1371 1449 1542 1056 1296 1458 1647 1779 1794 1803
NM209 WHITE SANDS MR/LAS CRUCES, NM 1041 1041 1041 1041 1224 1320 1335 1344 1377 1332 1341 1353 1389 1440 1338 1347 1395 1242 1317 1350 1452 1527 1539 1545
NM210 SANTA FE/LOS ALAMOS, NM 1626 1626 1626 1626 1758 1950 2139 2355 2556 1965 2229 2490 2583 2700 2184 2451 2601 1785 1947 2478 2739 2919 2943 2964
NV211 FALLON NAS, NV 1179 1179 1179 1179 1320 1425 1569 1734 1860 1437 1638 1836 1872 1920 1602 1806 1878 1338 1422 1827 1932 2001 2016 2031
NV212 NELLIS AFB/LAS VEGAS, NV 1587 1587 1587 1587 1674 1758 1779 1809 1872 1770 1794 1830 1890 1968 1785 1821 1899 1689 1755 1827 1989 2106 2124 2136
NV213 RENO/CARSON CITY, NV 1779 1779 1779 1779 1857 2103 2121 2130 2190 2118 2127 2139 2211 2310 2124 2133 2226 1890 2100 2136 2340 2493 2514 2532
NY215 BALLSTON SPA/ALBANY, NY 2040 2040 2040 2040 2145 2202 2256 2325 2442 2214 2286 2367 2472 2598 2271 2355 2487 2157 2199 2364 2637 2835 2859 2880
NY216 BUFFALO, NY 1875 1875 1875 1875 2070 2094 2139 2196 2286 2106 2163 2232 2310 2403 2151 2223 2322 2079 2091 2229 2433 2580 2601 2619
NY217 WEST POINT, NY 2118 2118 2118 2118 2157 2790 2811 2829 2940 2808 2817 2841 2979 3147 2814 2835 3003 2232 2784 2838 3204 3468 3498 3525
NY218 LONG ISLAND, NY 3357 3357 3357 3357 3594 3912 4026 4152 4353 3930 4080 4233 4401 4605 4053 4209 4431 3636 3909 4227 4674 4995 5040 5082
NY219 NEW YORK CITY, NY 3093 3093 3093 3093 3294 3477 3735 4023 4290 3495 3855 4206 4326 4470 3795 4152 4344 3321 3474 4191 4518 4746 4791 4830
NY221 ROCHESTER, NY 1440 1440 1440 1440 1617 1776 1809 1851 1941 1788 1827 1878 1965 2076 1818 1869 1980 1641 1773 1875 2112 2283 2301 2316
NY222 ROME/GRIFFISS AFB, NY 1386 1386 1386 1386 1617 2067 2136 2211 2280 2085 2166 2256 2292 2340 2151 2244 2298 1671 2064 2253 2349 2415 2436 2451
NY223 SYRACUSE, NY 1434 1434 1434 1434 1689 1779 1863 1965 2115 1791 1908 2028 2151 2298 1887 2010 2172 1704 1776 2022 2349 2583 2604 2622
NY225 FORT DRUM/WATERTOWN, NY 1245 1245 1245 1245 1326 1509 1731 1977 2157 1524 1833 2136 2166 2205 1782 2091 2169 1353 1506 2121 2214 2271 2289 2304
NY349 WESTCHESTER COUNTY, NY 3312 3312 3312 3312 3342 4368 4389 4398 4476 4386 4395 4407 4512 4668 4392 4401 4533 3462 4353 4404 4722 4968 5013 5055
NY413 STATEN ISLAND, NY 2895 2895 2895 2895 3024 3045 3249 3477 3720 3057 3342 3621 3762 3930 3294 3579 3783 3033 3042 3609 3987 4251 4287 4323
OH227 AKRON, OH 1188 1188 1188 1188 1224 1704 1728 1758 1890 1722 1743 1776 1935 2127 1734 1767 1962 1284 1698 1773 2193 2499 2520 2538
OH228 CINCINNATI, OH 1647 1647 1647 1647 1743 2040 2058 2067 2091 2055 2064 2076 2109 2178 2061 2070 2115 1782 2037 2073 2199 2304 2322 2337
OH229 CLEVELAND, OH 1392 1392 1392 1392 1413 1671 1698 1734 1833 1686 1713 1755 1863 1998 1707 1749 1881 1449 1668 1752 2040 2247 2265 2280
OH230 COLUMBUS, OH 1314 1314 1314 1314 1392 1722 1791 1872 1938 1737 1827 1923 1947 1980 1809 1908 1950 1434 1719 1917 1986 2031 2046 2061
OH231 WRIGHT-PATTERSON AFB, OH 1131 1131 1131 1131 1182 1443 1488 1539 1647 1458 1509 1572 1677 1803 1500 1563 1695 1218 1440 1569 1845 2043 2061 2073
OH232 TOLEDO, OH 1443 1443 1443 1443 1488 1614 1629 1638 1767 1626 1635 1647 1818 2034 1632 1641 1848 1509 1611 1644 2109 2454 2475 2493
OH233 YOUNGSTOWN, OH 924 924 924 924 1065 1188 1212 1245 1293 1200 1227 1263 1305 1359 1218 1257 1311 1086 1185 1260 1371 1449 1458 1467
OK235 ALTUS AFB, OK 885 885 885 885 987 1143 1224 1317 1434 1155 1263 1377 1458 1560 1245 1359 1473 1011 1140 1371 1593 1749 1761 1770
OK236 VANCE AFB/ENID, OK 969 969 969 969 1083 1254 1311 1383 1536 1266 1341 1425 1578 1761 1326 1413 1605 1107 1251 1422 1824 2115 2130 2145
OK237 FORT SILL/LAWTON, OK 885 885 885 885 954 1212 1254 1302 1395 1227 1275 1332 1422 1527 1263 1323 1434 990 1209 1329 1563 1728 1740 1749
OK239 OKLAHOMA CITY, OK 1206 1206 1206 1206 1308 1545 1566 1596 1677 1560 1581 1614 1704 1818 1572 1605 1719 1341 1542 1611 1854 2031 2046 2061
OK240 TULSA, OK 1119 1119 1119 1119 1164 1257 1299 1353 1482 1269 1323 1386 1521 1683 1311 1377 1545 1179 1254 1383 1737 1995 2010 2022
OR241 ASTORIA, OR 1392 1392 1392 1392 1542 1854 1896 1944 2034 1869 1917 1974 2058 2160 1905 1965 2070 1581 1851 1971 2190 2349 2370 2385
OR242 COOS BAY, OR 1356 1356 1356 1356 1461 1803 1902 2010 2133 1821 1947 2076 2154 2250 1923 2058 2166 1506 1800 2070 2280 2427 2448 2463
OR243 PORTLAND, OR 2427 2427 2427 2427 2430 2454 2493 2544 2667 2466 2514 2577 2703 2856 2502 2565 2724 2439 2451 2574 2907 3150 3177 3201
OR244 SALEM, OR 1428 1428 1428 1428 1521 1788 1839 1902 2001 1800 1866 1941 2028 2133 1854 1929 2040 1557 1785 1938 2166 2331 2352 2367
OR245 CORVALLIS, OR 1599 1599 1599 1599 1788 2178 2253 2337 2538 2196 2289 2388 2598 2847 2271 2373 2634 1839 2175 2385 2934 3330 3360 3387
OR246 EUGENE, OR 1761 1761 1761 1761 1866 1965 2004 2055 2178 1977 2028 2088 2214 2367 2016 2076 2235 1881 1962 2085 2418 2661 2682 2700
PA247 CARLISLE BARRACKS, PA 1482 1482 1482 1482 1599 1827 1890 1959 2109 1842 1920 2004 2151 2331 1905 1992 2178 1632 1824 2001 2394 2676 2697 2718
PA248 PHILADELPHIA, PA/CAMDEN, NJ 1848 1848 1848 1848 2001 2304 2322 2334 2412 2319 2328 2346 2436 2550 2325 2340 2451 2043 2301 2343 2586 2763 2784 2805
PA249 WILLOW GROVE, PA 1986 1986 1986 1986 2175 2475 2505 2538 2622 2490 2520 2559 2649 2757 2511 2553 2661 2217 2472 2556 2790 2961 2985 3006
PA250 PITTSBURGH, PA 1734 1734 1734 1734 1911 2262 2280 2289 2358 2277 2286 2298 2391 2535 2283 2292 2412 1956 2259 2295 2583 2808 2832 2853
PA252 STATE COLLEGE, PA 1287 1287 1287 1287 1431 1749 1773 1803 1896 1767 1788 1821 1926 2061 1779 1812 1944 1473 1746 1818 2103 2310 2328 2343
PA253 ERIE, PA 1242 1242 1242 1242 1299 1554 1572 1581 1602 1569 1578 1590 1611 1653 1575 1584 1617 1335 1551 1587 1662 1722 1734 1743
PA254 WILKES-BARRE/SCRANTON, PA 1374 1374 1374 1374 1533 1884 1902 1911 1950 1899 1908 1920 1974 2067 1905 1914 1986 1578 1881 1917 2097 2244 2262 2277
PA255 ALLENTOWN/BETHLEHEM, PA 1839 1839 1839 1839 1917 2052 2079 2115 2217 2064 2094 2139 2250 2391 2085 2130 2271 1938 2049 2136 2436 2652 2673 2694
RI256 NEWPORT, RI 1935 1935 1935 1935 2160 2667 2712 2760 2892 2685 2733 2790 2931 3102 2721 2781 2955 2223 2664 2787 3159 3426 3456 3483
RI257 PROVIDENCE, RI 1869 1869 1869 1869 2034 2088 2178 2283 2481 2100 2223 2349 2535 2760 2199 2328 2565 2046 2085 2343 2838 3192 3219 3243
SC258 BEAUFORT/PARRIS ISLAND, SC 1659 1659 1659 1659 1749 1863 1995 2145 2265 1875 2058 2241 2277 2325 2028 2214 2283 1767 1860 2232 2334 2403 2424 2439
SC259 CHARLESTON, SC 1752 1752 1752 1752 1830 1917 1935 1962 2046 1929 1947 1980 2073 2190 1941 1974 2088 1845 1914 1977 2226 2406 2427 2442
SC260 COLUMBIA/FORT JACKSON, SC 1491 1491 1491 1491 1530 1566 1635 1719 1836 1578 1671 1773 1863 1974 1653 1755 1878 1542 1563 1767 2010 2184 2202 2217
SC261 GREENVILLE, SC 1359 1359 1359 1359 1395 1587 1602 1611 1713 1599 1608 1620 1749 1908 1605 1614 1770 1422 1584 1617 1962 2211 2229 2244
SC262 MYRTLE BEACH, SC 1434 1434 1434 1434 1533 1626 1725 1842 1971 1638 1773 1914 1995 2094 1749 1893 2007 1548 1623 1908 2124 2277 2295 2310
SC263 SUMTER/SHAW AFB, SC 1005 1005 1005 1005 1056 1290 1353 1422 1539 1305 1383 1467 1569 1695 1368 1452 1587 1089 1287 1461 1734 1932 1947 1959
SD264 RAPID CITY/ELLSWORTH AFB, SD 1224 1224 1224 1224 1377 1563 1578 1605 1662 1575 1590 1620 1680 1755 1584 1614 1689 1404 1560 1617 1776 1893 1905 1917
SD265 SIOUX FALLS, SD 1068 1068 1068 1068 1173 1455 1479 1509 1572 1470 1494 1530 1590 1668 1485 1524 1602 1212 1452 1527 1692 1809 1824 1833
TN266 CHATTANOOGA, TN 1389 1389 1389 1389 1401 1797 1815 1836 1920 1812 1824 1851 1950 2076 1821 1845 1968 1452 1794 1848 2115 2310 2328 2343
TN267 KNOXVILLE, TN 1269 1269 1269 1269 1353 1566 1659 1767 1893 1578 1707 1836 1917 2019 1683 1815 1932 1383 1563 1830 2052 2208 2226 2238
TN268 MEMPHIS, TN 1740 1740 1740 1740 1824 1968 1983 1992 2013 1980 1989 2001 2031 2097 1986 1995 2037 1848 1965 1998 2112 2211 2229 2244
TN269 NASHVILLE, TN 1899 1899 1899 1899 1917 2079 2094 2103 2151 2091 2100 2115 2166 2238 2097 2109 2175 1941 2076 2112 2256 2364 2382 2397
TN353 JOHNSON CITY/KINGSPORT, TN 978 978 978 978 1023 1272 1323 1383 1527 1284 1350 1422 1569 1746 1335 1410 1593 1056 1269 1419 1806 2088 2103 2118
TX270 ABILENE/DYESS AFB, TX 1140 1140 1140 1140 1236 1512 1560 1614 1716 1527 1584 1650 1743 1860 1572 1638 1758 1275 1509 1647 1896 2076 2091 2103
TX272 AUSTIN, TX 1908 1908 1908 1908 2028 2562 2727 2904 3021 2583 2799 3018 3024 3030 2763 2985 3027 2094 2556 3009 3033 3036 3039 3054
TX273 BEAUMONT, TX 1419 1419 1419 1419 1524 1671 1707 1755 1881 1683 1728 1785 1920 2082 1719 1776 1941 1545 1668 1782 2136 2388 2409 2424
TX274 COLLEGE STATION, TX 1410 1410 1410 1410 1467 1569 1614 1671 1785 1581 1641 1707 1818 1950 1626 1695 1836 1485 1566 1704 1995 2202 2220 2235
TX275 CORPUS CHRISTI, TX 1491 1491 1491 1491 1632 1869 1920 1977 2109 1881 1944 2016 2145 2304 1932 2004 2166 1665 1866 2013 2358 2604 2625 2646
TX277 DALLAS, TX 1737 1737 1737 1737 1932 2574 2595 2604 2616 2592 2601 2613 2619 2625 2598 2607 2622 2010 2565 2610 2628 2631 2634 2637
TX278 LAUGHLIN AFB/DEL RIO, TX 1080 1080 1080 1080 1227 1518 1575 1638 1740 1533 1602 1677 1767 1872 1587 1665 1779 1266 1515 1674 1908 2073 2091 2103
TX279 EL PASO, TX 1251 1251 1251 1251 1320 1527 1545 1554 1566 1542 1551 1563 1569 1587 1548 1557 1572 1347 1524 1560 1590 1626 1638 1647
TX281 BROWNSVILLE, TX 1164 1164 1164 1164 1194 1569 1623 1683 1803 1584 1647 1719 1836 1977 1635 1710 1854 1242 1566 1716 2025 2244 2262 2277
TX282 HOUSTON, TX 1602 1602 1602 1602 1671 1947 1965 1974 2004 1962 1971 1983 2016 2061 1968 1977 2019 1707 1944 1980 2073 2139 2157 2172
TX283 LUBBOCK, TX 1020 1020 1020 1020 1083 1578 1599 1608 1638 1596 1605 1617 1659 1740 1602 1611 1668 1146 1575 1614 1764 1890 1902 1914
TX284 GOODFELLOW AFB, TX 1182 1182 1182 1182 1323 1596 1650 1713 1797 1611 1677 1755 1812 1887 1665 1743 1821 1359 1593 1752 1908 2022 2037 2049
TX285 SAN ANTONIO, TX 1653 1653 1653 1653 1761 1788 1803 1812 1830 1800 1809 1821 1842 1905 1806 1815 1851 1770 1785 1818 1920 2013 2028 2040
TX286 FORT HOOD, TX 1140 1140 1140 1140 1143 1314 1407 1515 1623 1326 1452 1581 1641 1713 1428 1560 1647 1167 1311 1575 1734 1845 1860 1869
TX288 WICHITA FLS/SHEPPARD AFB, TX 1038 1038 1038 1038 1062 1284 1398 1527 1701 1299 1452 1608 1737 1896 1425 1584 1761 1092 1281 1602 1947 2193 2211 2226
TX356 FORT WORTH, TX 1584 1584 1584 1584 1653 1821 1866 1923 1992 1833 1890 1956 2007 2067 1878 1947 2013 1677 1818 1953 2085 2178 2193 2208
TX415 WACO,TX 1221 1221 1221 1221 1266 1416 1530 1662 1770 1428 1587 1746 1779 1821 1560 1722 1782 1290 1413 1740 1830 1890 1905 1917
UT291 OGDEN/HILL AFB, UT 1509 1509 1509 1509 1599 1620 1674 1743 1827 1632 1704 1785 1845 1917 1689 1773 1854 1608 1617 1782 1938 2049 2064 2079
UT292 SALT LAKE CITY, UT 1452 1452 1452 1452 1554 1659 1794 1944 2076 1671 1857 2040 2094 2157 1824 2013 2100 1572 1656 2034 2175 2274 2292 2307
UT357 PROVO, UT 1494 1494 1494 1494 1608 1629 1680 1749 1845 1641 1710 1788 1866 1965 1695 1776 1881 1617 1626 1785 1992 2142 2160 2172
VA295 CHARLOTTESVILLE, VA 1740 1740 1740 1740 1848 2124 2274 2442 2586 2139 2343 2547 2601 2670 2310 2517 2610 1884 2121 2538 2688 2790 2814 2835
VA296 QUANTICO/WOODBRIDGE, VA 1758 1758 1758 1758 1806 1839 1968 2112 2256 1851 2028 2205 2277 2364 1998 2178 2286 1815 1836 2199 2391 2523 2544 2562
VA297 HAMPTON/NEWPORT NEWS, VA 1473 1473 1473 1473 1518 1566 1581 1590 1683 1578 1587 1599 1722 1884 1584 1593 1746 1530 1563 1596 1938 2193 2208 2223
VA298 NORFOLK/PORTSMOUTH, VA 1734 1734 1734 1734 1737 1887 1926 1977 2088 1899 1947 2007 2118 2256 1938 1998 2139 1758 1884 2004 2301 2517 2538 2556
VA301 RICHMOND/FORT LEE, VA 1407 1407 1407 1407 1413 1689 1707 1716 1770 1704 1713 1725 1797 1911 1710 1719 1812 1449 1686 1722 1947 2127 2145 2157
VA302 WARRENTON, VA 2148 2148 2148 2148 2286 2379 2409 2451 2583 2391 2427 2475 2625 2805 2418 2466 2649 2301 2376 2472 2865 3150 3177 3201
VA303 LEXINGTON, VA 1068 1068 1068 1068 1098 1446 1464 1473 1527 1461 1470 1482 1554 1662 1467 1476 1569 1143 1443 1479 1695 1866 1878 1890
VA362 ROANOKE, VA 1257 1257 1257 1257 1362 1536 1611 1698 1785 1548 1647 1755 1800 1857 1629 1737 1806 1386 1533 1749 1872 1956 1971 1983
VA368 DAHLGREN/FORT AP HILL, VA 1767 1767 1767 1767 1827 1932 1947 1956 2052 1944 1953 1965 2088 2238 1950 1959 2109 1845 1929 1962 2289 2529 2550 2565
VT305 BURLINGTON, VT 1893 1893 1893 1893 1998 2538 2652 2775 2970 2556 2703 2853 3015 3207 2679 2832 3042 2064 2532 2847 3273 3579 3612 3639
WA306 BREMERTON, WA 1812 1812 1812 1812 1890 2130 2205 2289 2391 2145 2241 2343 2412 2499 2223 2325 2421 1923 2127 2337 2523 2655 2676 2697
WA307 EVERETT, WA 2133 2133 2133 2133 2286 2427 2481 2547 2634 2439 2508 2586 2655 2739 2496 2574 2664 2310 2424 2583 2763 2895 2919 2940
WA308 PORT ANGELES, WA 1413 1413 1413 1413 1548 1776 1857 1950 2049 1791 1896 2007 2067 2142 1875 1989 2076 1581 1773 2001 2163 2277 2295 2310
WA309 SEATTLE, WA 2508 2508 2508 2508 2679 3213 3249 3288 3411 3231 3267 3312 3453 3621 3258 3306 3474 2745 3210 3309 3678 3945 3981 4011
WA310 SPOKANE, WA 1275 1275 1275 1275 1437 1656 1740 1836 1932 1668 1782 1899 1950 2013 1761 1881 1956 1467 1653 1893 2031 2127 2142 2157
WA311 TACOMA, WA 1908 1908 1908 1908 2022 2214 2265 2328 2424 2226 2292 2367 2445 2544 2280 2355 2460 2049 2211 2364 2574 2727 2751 2769
WA312 WHIDBEY ISLAND, WA 1422 1422 1422 1422 1476 1860 1932 2010 2130 1878 1965 2058 2160 2283 1947 2043 2175 1524 1857 2055 2325 2517 2538 2556
WA313 YAKIMA, WA 1224 1224 1224 1224 1377 1692 1797 1914 1998 1707 1848 1989 2004 2028 1821 1968 2007 1419 1689 1983 2031 2064 2079 2091
WI316 MADISON, WI 1587 1587 1587 1587 1728 1770 1980 2220 2388 1782 2079 2373 2397 2427 2031 2328 2400 1740 1767 2361 2433 2478 2499 2514
WI317 MILWAUKEE, WI 1917 1917 1917 1917 2079 2100 2115 2124 2220 2112 2121 2133 2265 2460 2118 2127 2295 2088 2097 2130 2526 2829 2853 2874
WI318 SPARTA/FORT MCCOY, WI 1179 1179 1179 1179 1212 1428 1455 1494 1533 1440 1473 1515 1542 1578 1464 1509 1545 1242 1425 1512 1584 1635 1647 1656
WI359 STEVENS POINT, WI 966 966 966 966 1074 1350 1368 1386 1443 1365 1374 1398 1461 1539 1371 1392 1470 1110 1347 1395 1563 1683 1695 1707
WV320 MORGANTOWN, WV 1251 1251 1251 1251 1398 1560 1590 1626 1710 1572 1605 1650 1734 1839 1596 1644 1749 1422 1557 1647 1872 2034 2049 2061
WV322 HUNTINGTON, WV 1281 1281 1281 1281 1338 1521 1578 1647 1737 1533 1608 1689 1758 1842 1593 1677 1767 1365 1518 1686 1869 1998 2013 2025
WV323 CHARLESTON, WV 984 984 984 984 1092 1176 1191 1200 1242 1188 1197 1209 1263 1362 1194 1203 1275 1107 1173 1206 1389 1539 1551 1560
WV454 EASTERN PANHANDLE, WV 1446 1446 1446 1446 1569 1623 1725 1845 1977 1635 1773 1920 1998 2100 1749 1896 2013 1581 1620 1914 2130 2283 2301 2316
WY324 CHEYENNE, WY 1038 1038 1038 1038 1191 1515 1605 1704 1785 1530 1647 1767 1794 1830 1626 1749 1797 1233 1512 1764 1836 1884 1899 1911
ZZ510 COUNTY COST GROUP 510 1011 1011 1011 1011 1083 1281 1326 1383 1467 1293 1350 1419 1488 1575 1338 1407 1500 1110 1278 1416 1602 1734 1746 1758
ZZ520 COUNTY COST GROUP 520 1020 1020 1020 1020 1089 1287 1335 1392 1476 1302 1359 1428 1497 1584 1347 1416 1509 1119 1284 1425 1611 1743 1758 1767
ZZ530 COUNTY COST GROUP 530 1026 1026 1026 1026 1098 1296 1344 1401 1485 1311 1368 1437 1506 1596 1356 1425 1518 1128 1293 1434 1620 1755 1767 1779
ZZ540 COUNTY COST GROUP 540 1035 1035 1035 1035 1107 1305 1353 1410 1497 1320 1377 1446 1518 1605 1365 1434 1527 1134 1302 1443 1629 1764 1779 1788
ZZ550 COUNTY COST GROUP 550 1044 1044 1044 1044 1116 1314 1362 1419 1506 1329 1386 1455 1527 1614 1374 1443 1536 1143 1311 1452 1641 1776 1788 1800
ZZ560 COUNTY COST GROUP 560 1050 1050 1050 1050 1122 1323 1371 1428 1515 1335 1395 1464 1536 1623 1383 1452 1545 1152 1320 1461 1650 1785 1797 1809
ZZ570 COUNTY COST GROUP 570 1056 1056 1056 1056 1131 1332 1380 1437 1521 1344 1404 1470 1542 1632 1392 1461 1554 1158 1329 1467 1659 1794 1806 1818
ZZ580 COUNTY COST GROUP 580 1065 1065 1065 1065 1137 1338 1386 1443 1530 1353 1413 1479 1551 1641 1398 1470 1563 1167 1335 1476 1668 1803 1818 1827
ZZ590 COUNTY COST GROUP 590 1071 1071 1071 1071 1143 1347 1395 1452 1539 1359 1419 1488 1560 1647 1407 1476 1569 1173 1344 1485 1674 1812 1824 1836
ZZ600 COUNTY COST GROUP 600 1077 1077 1077 1077 1149 1353 1401 1458 1545 1365 1425 1494 1566 1656 1413 1482 1578 1179 1350 1491 1683 1818 1833 1842
ZZ610 COUNTY COST GROUP 610 1083 1083 1083 1083 1158 1362 1410 1467 1554 1374 1434 1503 1575 1665 1422 1491 1587 1188 1359 1500 1692 1830 1842 1854
ZZ620 COUNTY COST GROUP 620 1092 1092 1092 1092 1167 1371 1419 1476 1563 1383 1443 1512 1584 1674 1431 1500 1596 1194 1368 1509 1701 1839 1854 1863
ZZ630 COUNTY COST GROUP 630 1101 1101 1101 1101 1176 1380 1428 1485 1572 1392 1452 1521 1596 1686 1440 1512 1605 1203 1377 1518 1713 1851 1866 1875
ZZ640 COUNTY COST GROUP 640 1107 1107 1107 1107 1185 1389 1437 1494 1581 1401 1461 1530 1605 1695 1449 1521 1614 1212 1386 1527 1722 1860 1875 1887
ZZ650 COUNTY COST GROUP 650 1116 1116 1116 1116 1194 1398 1446 1506 1593 1413 1473 1542 1614 1707 1461 1530 1626 1221 1395 1539 1734 1872 1887 1899
ZZ660 COUNTY COST GROUP 660 1125 1125 1125 1125 1203 1407 1458 1515 1602 1422 1482 1551 1626 1716 1470 1539 1638 1230 1404 1548 1743 1884 1899 1911
ZZ670 COUNTY COST GROUP 670 1134 1134 1134 1134 1212 1419 1467 1524 1614 1431 1491 1560 1635 1728 1479 1551 1647 1242 1416 1557 1755 1896 1911 1923
ZZ680 COUNTY COST GROUP 680 1143 1143 1143 1143 1221 1428 1476 1536 1623 1440 1503 1572 1647 1737 1488 1560 1656 1251 1425 1569 1764 1908 1920 1932
ZZ690 COUNTY COST GROUP 690 1149 1149 1149 1149 1227 1437 1485 1542 1632 1449 1509 1578 1653 1746 1497 1569 1665 1257 1434 1575 1773 1917 1932 1941
ZZ700 COUNTY COST GROUP 700 1155 1155 1155 1155 1233 1443 1491 1548 1638 1455 1515 1587 1662 1752 1503 1575 1671 1263 1440 1584 1782 1923 1938 1950
ZZ710 COUNTY COST GROUP 710 1161 1161 1161 1161 1242 1449 1500 1557 1647 1464 1524 1593 1668 1761 1512 1584 1680 1272 1446 1590 1791 1932 1947 1959
ZZ720 COUNTY COST GROUP 720 1173 1173 1173 1173 1251 1461 1509 1569 1659 1473 1536 1605 1680 1773 1524 1593 1692 1281 1458 1602 1803 1944 1959 1971
ZZ730 COUNTY COST GROUP 730 1182 1182 1182 1182 1263 1473 1521 1581 1671 1485 1548 1617 1692 1788 1533 1605 1704 1293 1470 1614 1815 1959 1974 1986
ZZ740 COUNTY COST GROUP 740 1197 1197 1197 1197 1278 1488 1539 1596 1686 1503 1563 1635 1710 1803 1551 1623 1722 1308 1485 1629 1833 1977 1992 2004
ZZ750 COUNTY COST GROUP 750 1221 1221 1221 1221 1302 1515 1566 1626 1716 1530 1590 1662 1740 1833 1578 1650 1752 1332 1512 1659 1863 2010 2025 2037
ZZ760 COUNTY COST GROUP 760 1242 1242 1242 1242 1326 1542 1590 1650 1743 1554 1617 1689 1764 1863 1605 1677 1779 1356 1539 1683 1890 2040 2055 2067
ZZ770 COUNTY COST GROUP 770 1266 1266 1266 1266 1353 1569 1617 1677 1770 1581 1644 1716 1794 1890 1632 1704 1806 1383 1566 1713 1920 2070 2088 2100
ZZ780 COUNTY COST GROUP 780 1296 1296 1296 1296 1383 1602 1653 1713 1806 1614 1677 1749 1830 1929 1665 1740 1842 1413 1599 1746 1959 2109 2127 2139
ZZ790 COUNTY COST GROUP 790 1320 1320 1320 1320 1407 1629 1680 1740 1833 1641 1704 1776 1857 1956 1692 1767 1869 1440 1626 1773 1986 2139 2157 2172
ZZ800 COUNTY COST GROUP 800 1356 1356 1356 1356 1446 1668 1719 1779 1875 1680 1746 1818 1899 2001 1731 1806 1911 1476 1665 1815 2031 2187 2202 2217
ZZ810 COUNTY COST GROUP 810 1389 1389 1389 1389 1482 1704 1758 1818 1914 1719 1782 1857 1941 2043 1770 1845 1953 1512 1701 1854 2073 2232 2247 2262
ZZ820 COUNTY COST GROUP 820 1434 1434 1434 1434 1530 1755 1809 1872 1968 1770 1836 1908 1995 2097 1821 1899 2007 1560 1752 1905 2130 2289 2310 2325
ZZ830 COUNTY COST GROUP 830 1488 1488 1488 1488 1584 1815 1869 1932 2031 1830 1896 1971 2058 2163 1881 1959 2070 1617 1812 1968 2196 2361 2379 2394
ZZ840 COUNTY COST GROUP 840 1536 1536 1536 1536 1635 1869 1923 1986 2088 1884 1950 2028 2115 2223 1938 2016 2130 1668 1866 2022 2256 2424 2442 2460
ZZ850 COUNTY COST GROUP 850 1599 1599 1599 1599 1704 1941 1995 2061 2163 1956 2022 2100 2190 2301 2010 2088 2205 1734 1938 2097 2334 2508 2526 2544
ZZ860 COUNTY COST GROUP 860 1662 1662 1662 1662 1770 2013 2067 2133 2238 2025 2097 2172 2265 2379 2082 2160 2280 1803 2010 2169 2415 2589 2610 2628
ZZ870 COUNTY COST GROUP 870 1749 1749 1749 1749 1863 2112 2169 2235 2343 2124 2196 2274 2370 2487 2181 2262 2385 1896 2109 2271 2523 2706 2727 2748
