
AK400 KETCHIKAN, AK 1380 1380 1380 1380 1662 1674 1743 1908 2022 1677 1905 2034 2235 2352 1830 1998 2205 1671 1764 2070 2331
AK401 SITKA, AK 1455 1455 1455 1455 1758 1767 1773 2013 2133 1770 2010 2148 2340 2370 1929 2109 2331 1764 1854 2187 2361
AK402 JUNEAU, AK 1401 1401 1401 1401 1878 1887 1941 2022 2178 1890 1983 2199 2514 2613 1959 2136 2490 1884 1944 2262 2592
AK403 KODIAK ISLAND, AK 1248 1248 1248 1248 1536 1548 1635 1752 1881 1560 1731 1884 2073 2214 1659 1824 2037 1545 1638 1899 2187
AK404 ANCHORAGE, AK 1281 1281 1281 1281 1566 1575 1689 1833 1956 1581 1776 1959 2118 2295 1719 1896 2076 1572 1692 1962 2262
AK405 FAIRBANKS, AK 1098 1098 1098 1098 1500 1509 1572 1653 1773 1512 1605 1776 2013 2118 1590 1692 1986 1506 1575 1797 2097
AL001 ANNISTON/FORT MCCLELLAN, AL 708 708 708 708 819 906 933 1026 1092 927 1023 1098 1206 1212 975 1077 1203 885 963 1122 1209
AL002 FORT RUCKER, AL 906 906 906 906 969 1014 1062 1149 1275 1056 1128 1278 1305 1389 1110 1209 1302 1011 1098 1281 1386
AL003 HUNTSVILLE, AL 1074 1074 1074 1074 1206 1284 1359 1494 1572 1341 1491 1581 1710 1716 1431 1554 1707 1281 1410 1611 1713
AL004 MOBILE, AL 1134 1134 1134 1134 1221 1284 1395 1512 1518 1359 1509 1521 1551 1668 1500 1515 1527 1275 1464 1524 1644
AL005 MONTGOMERY, AL 1011 1011 1011 1011 1089 1140 1194 1257 1263 1185 1254 1266 1278 1338 1245 1260 1272 1137 1230 1269 1323
AL006 AUBURN, AL 912 912 912 912 1008 1068 1125 1221 1338 1113 1209 1341 1365 1497 1179 1275 1362 1065 1164 1344 1470
AL007 BIRMINGHAM, AL 1095 1095 1095 1095 1236 1332 1464 1617 1632 1419 1614 1635 1668 1674 1596 1629 1665 1320 1554 1641 1671
AR010 LITTLE ROCK, AR 1038 1038 1038 1038 1194 1299 1386 1485 1491 1362 1482 1494 1512 1530 1470 1488 1506 1293 1443 1497 1521
AR012 FORT CHAFFEE/FORT SMITH, AR 657 657 657 657 753 861 933 1011 1077 873 966 1080 1170 1263 951 1044 1143 810 936 1083 1245
AR411 FAYETTEVILLE, AR 768 768 768 768 867 996 1053 1164 1221 1008 1161 1227 1341 1422 1116 1209 1323 927 1086 1251 1404
AZ013 PHOENIX, AZ 1320 1320 1320 1320 1431 1503 1608 1758 1818 1578 1755 1824 1935 1983 1710 1806 1923 1497 1677 1848 1968
AZ014 FORT HUACHUCA, AZ 936 936 936 936 963 1068 1089 1200 1281 1080 1197 1290 1428 1455 1137 1263 1419 984 1116 1320 1446
AZ015 DAVIS-MONTHAN AFB, AZ 1002 1002 1002 1002 1104 1284 1314 1503 1581 1299 1500 1587 1713 1719 1446 1563 1710 1167 1401 1617 1716
AZ016 YUMA, AZ 822 822 822 822 909 1053 1083 1179 1263 1068 1176 1272 1413 1452 1116 1245 1401 963 1092 1302 1440
CA018 OAKLAND, CA 2688 2688 2688 2688 2952 3102 3234 3426 3507 3189 3423 3516 3657 3699 3366 3489 3645 3090 3321 3546 3687
CA019 SAN FRANCISCO, CA 3402 3402 3402 3402 3822 4149 4560 4995 5013 4383 4992 5016 5058 5067 4971 5010 5055 4098 4827 5025 5061
CA021 CHINA LAKE, CA 762 762 762 762 864 957 1065 1179 1293 972 1113 1296 1323 1452 1086 1230 1320 924 1068 1299 1425
CA022 FRESNO, CA 1254 1254 1254 1254 1344 1401 1500 1632 1677 1470 1629 1683 1776 1854 1593 1668 1758 1395 1563 1701 1836
CA023 LEMOORE NAS, CA 1125 1125 1125 1125 1320 1431 1476 1569 1629 1470 1566 1635 1737 1743 1518 1614 1734 1428 1506 1659 1740
CA024 CAMP PENDLETON, CA 2103 2103 2103 2103 2265 2391 2586 2877 2994 2502 2874 3006 3189 3195 2793 2967 3186 2352 2721 3045 3192
CA025 VENTURA, CA 2145 2145 2145 2145 2400 2541 2616 2757 2847 2598 2754 2856 3003 3030 2688 2826 2997 2538 2667 2886 3021
CA026 VANDENBERG AFB, CA 1671 1671 1671 1671 1836 1944 2106 2295 2325 2046 2292 2328 2382 2391 2265 2319 2379 1929 2211 2340 2385
CA027 MARIN/SONOMA, CA 2685 2685 2685 2685 2919 3051 3144 3333 3483 3117 3330 3498 3726 3732 3231 3450 3723 3045 3204 3549 3729
CA028 BARSTOW/FORT IRWIN, CA 1068 1068 1068 1068 1188 1260 1311 1401 1452 1302 1398 1458 1557 1632 1359 1440 1539 1257 1344 1476 1614
CA031 SAN BERNARDINO, CA 1839 1839 1839 1839 1953 2085 2238 2502 2607 2163 2499 2616 2778 2787 2430 2583 2775 2022 2364 2652 2781
CA032 TWENTY NINE PALMS MCB, CA 948 948 948 948 1011 1059 1134 1251 1308 1113 1248 1317 1431 1512 1206 1296 1410 1053 1182 1338 1494
CA033 BEALE AFB, CA 1689 1689 1689 1689 1830 1917 2016 2160 2214 1986 2157 2220 2313 2322 2112 2202 2310 1911 2082 2241 2316
CA034 SACRAMENTO, CA 1689 1689 1689 1689 1848 1953 2121 2316 2346 2058 2313 2349 2412 2433 2286 2340 2406 1938 2229 2364 2424
CA035 STOCKTON, CA 1320 1320 1320 1320 1539 1659 1692 1746 1776 1689 1743 1782 1848 1896 1713 1770 1836 1656 1707 1794 1884
CA036 VALLEJO/TRAVIS AFB, CA 2142 2142 2142 2142 2265 2355 2541 2736 2742 2472 2733 2745 2754 2760 2727 2739 2751 2337 2664 2748 2757
CA037 LOS ANGELES, CA 2256 2256 2256 2256 2517 2694 3024 3384 3414 2883 3381 3420 3477 3489 3354 3408 3474 2652 3237 3432 3480
CA038 SAN DIEGO, CA 2019 2019 2019 2019 2268 2460 2703 3003 3069 2604 3000 3078 3195 3234 2949 3054 3186 2430 2865 3102 3222
CA039 MONTEREY, CA 1818 1818 1818 1818 2157 2340 2505 2706 2895 2400 2616 2898 3150 3399 2547 2802 3087 2337 2508 2901 3357
CA041 RIVERSIDE, CA 1788 1788 1788 1788 1911 1989 2094 2235 2274 2064 2232 2277 2352 2370 2199 2265 2346 1983 2166 2295 2361
CA042 HUMBOLDT COUNTY, CA 1101 1101 1101 1101 1200 1338 1431 1539 1671 1353 1536 1674 1812 1938 1473 1611 1782 1257 1440 1677 1914
CA044 SANTA CLARA COUNTY, CA 3009 3009 3009 3009 3384 3609 3864 4239 4416 3759 4236 4434 4731 4830 4119 4380 4704 3579 4029 4494 4809
CA392 SAN LUIS OBISPO, CA 1554 1554 1554 1554 1773 2172 2202 2361 2565 2184 2358 2586 2904 2940 2226 2520 2892 1920 2205 2655 2928
CA393 BRIDGEPORT, CA 1005 1005 1005 1005 1155 1473 1491 1524 1692 1488 1521 1710 1965 1974 1497 1656 1962 1269 1494 1767 1968
CA420 ELCENTRO, CA 1068 1068 1068 1068 1188 1260 1320 1401 1416 1308 1398 1419 1464 1497 1380 1413 1455 1257 1362 1428 1485
CA457 EDWARDS AFB/PALMDALE, CA 1515 1515 1515 1515 1698 1803 1857 1938 1959 1848 1935 1962 2040 2175 1911 1956 2004 1800 1896 1974 2148
CO045 DENVER, CO 1500 1500 1500 1500 1638 1854 1956 2235 2322 1872 2232 2331 2472 2478 2169 2304 2469 1719 2097 2361 2475
CO046 COLORADO SPRINGS, CO 1431 1431 1431 1431 1608 1713 1833 1965 1974 1794 1962 1977 1998 2016 1947 1971 1992 1704 1908 1980 2007
CO047 FORT COLLINS, CO 1413 1413 1413 1413 1491 1542 1626 1740 1779 1605 1737 1785 1872 1953 1704 1770 1851 1539 1680 1800 1935
CO422 BOULDER, CO 1491 1491 1491 1491 1692 1950 1998 2262 2388 1962 2259 2400 2607 2652 2172 2361 2595 1803 2115 2445 2640
CT049 NEW LONDON, CT 1248 1248 1248 1248 1335 1518 1533 1647 1788 1530 1644 1803 2022 2031 1548 1758 2019 1386 1536 1851 2025
CT050 HARTFORD, CT 1416 1416 1416 1416 1692 1851 1887 1977 2043 1884 1974 2052 2175 2229 1923 2031 2160 1848 1914 2076 2217
CT051 NEW HAVEN/FAIRFIELD, CT 2184 2184 2184 2184 2559 2754 2769 2805 2874 2766 2802 2880 2994 3000 2775 2859 2991 2751 2772 2907 2997
DC053 WASHINGTON, DC METRO AREA 2061 2061 2061 2061 2340 2493 2523 2580 2619 2520 2577 2625 2736 2907 2544 2610 2691 2490 2538 2640 2877
DE054 DOVER AFB/REHOBOTH, DE 1248 1248 1248 1248 1437 1542 1605 1677 1683 1593 1674 1686 1701 1797 1668 1680 1692 1539 1650 1689 1779
FL056 EGLIN AFB, FL 1371 1371 1371 1371 1533 1626 1653 1692 1716 1650 1689 1719 1794 1902 1665 1710 1764 1623 1662 1731 1881
FL057 GAINESVILLE, FL 1230 1230 1230 1230 1368 1449 1464 1482 1515 1461 1479 1521 1614 1734 1470 1509 1584 1446 1467 1536 1713
FL058 JACKSONVILLE, FL 1320 1320 1320 1320 1470 1557 1617 1707 1737 1605 1704 1743 1824 1908 1674 1731 1800 1554 1656 1758 1890
FL059 PATRICK AFB, FL 1479 1479 1479 1479 1596 1671 1758 1851 1857 1734 1848 1860 1875 1929 1839 1854 1866 1665 1812 1863 1914
FL061 MIAMI/FORT LAUDERDALE, FL 1932 1932 1932 1932 2181 2319 2343 2421 2511 2340 2418 2523 2682 2742 2352 2493 2664 2316 2349 2553 2727
FL062 ORLANDO, FL 1455 1455 1455 1455 1701 1836 1881 1956 1983 1875 1953 1989 2043 2049 1926 1977 2040 1833 1914 2001 2046
FL063 PANAMA CITY, FL 1515 1515 1515 1515 1587 1635 1716 1827 1863 1695 1824 1869 1962 2073 1791 1857 1935 1632 1767 1884 2049
FL064 PENSACOLA, FL 1191 1191 1191 1191 1335 1419 1461 1551 1608 1455 1548 1614 1719 1758 1503 1596 1707 1416 1491 1635 1746
FL065 TALLAHASSEE, FL 1236 1236 1236 1236 1380 1467 1485 1497 1503 1482 1494 1506 1530 1671 1491 1500 1527 1464 1488 1509 1668
FL066 TAMPA, FL 1542 1542 1542 1542 1731 1842 1962 2103 2115 1923 2100 2118 2148 2157 2082 2112 2145 1833 2043 2124 2151
FL067 WEST PALM BEACH, FL 1671 1671 1671 1671 1887 2013 2121 2238 2244 2085 2235 2247 2271 2337 2226 2241 2253 2004 2190 2250 2322
FL068 OCALA, FL 1221 1221 1221 1221 1353 1431 1482 1542 1548 1473 1539 1551 1560 1566 1530 1545 1557 1428 1515 1554 1563
FL069 FLORIDA KEYS, FL 2121 2121 2121 2121 2391 2547 2682 2925 3087 2637 2922 3102 3393 3576 2817 3051 3345 2535 2772 3156 3543
FL070 VOLUSIA COUNTY, FL 1275 1275 1275 1275 1431 1527 1641 1764 1770 1605 1761 1773 1782 1800 1752 1767 1779 1518 1716 1776 1788
FL423 FORT PIERCE, FL 1506 1506 1506 1506 1509 1527 1689 1860 1866 1629 1857 1869 1878 1884 1848 1863 1875 1512 1794 1872 1881
FL424 FT MYERS BCH, FL 1398 1398 1398 1398 1491 1551 1623 1707 1713 1605 1704 1716 1749 1824 1689 1710 1728 1548 1668 1719 1809
GA071 ATLANTA, GA 1638 1638 1638 1638 1866 1998 2130 2289 2319 2085 2286 2322 2379 2385 2259 2313 2376 1986 2214 2334 2382
GA072 ALBANY, GA 786 786 786 786 906 978 1011 1047 1101 1008 1044 1104 1143 1275 1035 1050 1140 975 1029 1107 1272
GA073 FORT GORDON, GA 1224 1224 1224 1224 1341 1410 1434 1476 1509 1431 1473 1512 1578 1605 1443 1503 1572 1407 1440 1527 1596
GA074 KINGS BAY/BRUNSWICK, GA 1164 1164 1164 1164 1224 1269 1323 1395 1404 1314 1392 1407 1434 1455 1377 1401 1428 1266 1362 1410 1443
GA075 FORT BENNING, GA 972 972 972 972 1080 1167 1182 1275 1380 1179 1272 1389 1554 1560 1200 1356 1551 1143 1194 1425 1557
GA076 ROBINS AFB, GA 996 996 996 996 1092 1149 1230 1314 1320 1209 1311 1323 1332 1389 1302 1317 1329 1146 1281 1326 1374
GA077 SAVANNAH, GA 1209 1209 1209 1209 1311 1377 1470 1602 1653 1443 1599 1659 1746 1755 1557 1641 1743 1371 1530 1680 1749
GA079 DAHLONEGA, GA 1182 1182 1182 1182 1359 1554 1569 1605 1782 1566 1602 1800 2070 2076 1575 1743 2067 1458 1572 1860 2073
GA080 FORT STEWART, GA 1122 1122 1122 1122 1260 1344 1431 1521 1527 1407 1518 1530 1539 1605 1512 1524 1536 1341 1485 1533 1590
GA081 MOODY AFB, GA 954 954 954 954 996 1029 1059 1107 1131 1056 1104 1134 1203 1296 1080 1125 1179 1026 1074 1143 1278
HI407 MAUI COUNTY, HI 2034 2034 2034 2034 2145 2544 2634 2967 3129 2556 2964 3144 3420 3537 2859 3093 3387 2196 2748 3198 3516
HI408 HONOLULU COUNTY, HI 2118 2118 2118 2118 2412 2667 2829 3000 3006 2769 2997 3009 3048 3234 2991 3003 3015 2652 2937 3012 3201
HI409 HAWAII COUNTY, HI 1605 1605 1605 1605 1875 2058 2142 2268 2325 2118 2265 2331 2427 2442 2223 2313 2424 2052 2196 2352 2433
HI414 KAUAI COUNTY,HI 1872 1872 1872 1872 2058 2247 2451 2799 2871 2328 2796 2877 2994 3000 2742 2853 2991 2121 2640 2904 2997
IA082 DES MOINES, IA 951 951 951 951 1065 1269 1320 1452 1542 1284 1449 1551 1707 1770 1386 1524 1689 1140 1347 1584 1755
ID084 BOISE, ID 1239 1239 1239 1239 1344 1410 1431 1476 1533 1428 1473 1539 1638 1674 1437 1521 1629 1407 1434 1560 1662
ID086 MOUNTAIN HOME AFB, ID 1071 1071 1071 1071 1125 1368 1386 1569 1665 1383 1566 1674 1827 1848 1500 1644 1821 1158 1443 1707 1839
IL088 CHAMPAIGN/URBANA, IL 867 867 867 867 930 1014 1032 1146 1221 1026 1143 1230 1353 1377 1089 1206 1347 969 1071 1257 1368
IL089 ROCK ISLAND, IL 1149 1149 1149 1149 1272 1419 1533 1674 1701 1497 1671 1704 1785 1902 1647 1695 1755 1410 1608 1716 1881
IL090 PEORIA, IL 843 843 843 843 972 1284 1302 1320 1449 1296 1311 1467 1713 1737 1308 1416 1707 1068 1305 1521 1728
IL092 GREAT LAKES NAVTRACEN, IL 1302 1302 1302 1302 1401 1611 1683 1761 1884 1626 1716 1893 2169 2265 1698 1842 2145 1458 1686 1950 2244
IL093 SCOTT AFB, IL 1035 1035 1035 1035 1071 1101 1164 1263 1305 1152 1260 1311 1410 1503 1221 1296 1386 1098 1206 1329 1482
IL325 CHICAGO, IL 1683 1683 1683 1683 1740 1791 1926 2106 2166 1881 2103 2172 2277 2301 2058 2154 2271 1779 2016 2196 2292
IL335 SPRINGFIELD/DECATUR,IL 741 741 741 741 807 1131 1149 1161 1251 1146 1158 1269 1509 1518 1155 1218 1506 852 1152 1320 1512
IN094 INDIANAPOLIS, IN 1083 1083 1083 1083 1266 1377 1443 1518 1524 1431 1515 1527 1536 1548 1506 1521 1533 1374 1488 1530 1539
IN097 FORT WAYNE, IN 993 993 993 993 1149 1158 1332 1539 1545 1254 1536 1548 1557 1605 1530 1542 1554 1155 1461 1551 1590
IN338 TERRE HAUTE, IN 714 714 714 714 846 927 957 987 993 954 984 996 1005 1017 975 990 1002 924 969 999 1008
IN399 BLOOMINGTON, IN 918 918 918 918 1020 1086 1173 1287 1380 1149 1284 1383 1440 1626 1257 1308 1437 1083 1230 1386 1623
KS100 FORT RILEY, KS 876 876 876 876 936 981 1050 1158 1209 1032 1155 1215 1317 1377 1113 1197 1299 978 1095 1236 1362
KS101 WICHITA/MCCONNELL AFB, KS 801 801 801 801 912 1023 1038 1083 1188 1035 1080 1197 1362 1368 1044 1164 1359 975 1041 1233 1365
KS102 FORT LEAVENWORTH, KS 1122 1122 1122 1122 1281 1398 1497 1608 1620 1467 1605 1623 1650 1668 1590 1617 1644 1392 1560 1626 1659
KS105 TOPEKA, KS 828 828 828 828 876 1077 1095 1224 1302 1092 1221 1311 1437 1446 1167 1287 1434 906 1125 1338 1440
KY106 FORT CAMPBELL, KY 1098 1098 1098 1098 1245 1332 1362 1410 1437 1359 1407 1440 1518 1623 1380 1431 1491 1329 1374 1452 1602
KY107 LEXINGTON, KY 969 969 969 969 1083 1152 1227 1326 1350 1209 1323 1353 1404 1419 1299 1347 1401 1149 1278 1365 1410
KY109 LOUISVILLE, KY 1080 1080 1080 1080 1227 1320 1446 1590 1605 1404 1587 1608 1665 1749 1566 1602 1644 1311 1527 1617 1731
KY110 FORT KNOX, KY 804 804 804 804 900 1029 1095 1167 1248 1041 1125 1251 1392 1479 1110 1197 1368 957 1098 1254 1458
KY339 FRANKFORT, KY 810 810 810 810 837 861 906 999 1113 888 948 1116 1152 1269 927 1041 1149 858 909 1119 1266
KY430 PADUCAH, KY 732 732 732 732 864 942 963 1005 1065 960 1002 1071 1185 1242 969 1053 1167 939 966 1095 1227
LA113 ALEXANDRIA, LA 714 714 714 714 804 969 984 1002 1110 981 993 1113 1293 1371 990 1071 1287 858 987 1149 1368
LA114 BATON ROUGE, LA 1077 1077 1077 1077 1230 1323 1434 1587 1647 1398 1584 1653 1767 1842 1539 1635 1749 1314 1506 1674 1824
LA115 FORT POLK, LA 699 699 699 699 741 975 999 1056 1146 987 1053 1155 1305 1338 1005 1125 1296 771 1002 1188 1326
LA116 NEW ORLEANS, LA 1104 1104 1104 1104 1236 1359 1464 1686 1731 1395 1683 1734 1830 1908 1647 1719 1809 1260 1584 1752 1893
LA117 SHREVEPORT/BARKSDALE AFB, LA 1074 1074 1074 1074 1164 1356 1371 1509 1620 1368 1506 1632 1806 1812 1428 1596 1803 1218 1398 1671 1809
LA118 LAFAYETTE, LA 1032 1032 1032 1032 1170 1254 1326 1455 1533 1308 1452 1542 1668 1677 1395 1518 1665 1251 1374 1569 1671
LA326 ST MARY AND TERREBONNE, LA 903 903 903 903 1020 1104 1206 1329 1347 1176 1326 1350 1404 1467 1305 1344 1386 1098 1272 1359 1452
LA370 LAKE CHARLES, LA 1125 1125 1125 1125 1224 1482 1500 1596 1740 1497 1593 1755 1977 1983 1506 1710 1974 1281 1503 1803 1980
LA371 MONROE, LA 732 732 732 732 828 969 999 1032 1122 981 1020 1134 1299 1338 1005 1101 1287 885 1002 1167 1326
MA119 NANTUCKET, MA 2367 2367 2367 2367 2625 2961 3165 3459 3585 3087 3456 3600 3846 4050 3369 3558 3795 2940 3300 3642 4017
MA120 BOSTON, MA 2433 2433 2433 2433 2634 2757 2916 3165 3297 2859 3162 3309 3534 3615 3075 3270 3510 2742 3021 3354 3597
MA122 WORCESTER, MA 1716 1716 1716 1716 1914 2028 2049 2169 2343 2046 2166 2361 2637 2670 2055 2307 2628 2025 2052 2421 2658
MA123 FITCHBURG, MA 1665 1665 1665 1665 1842 2022 2100 2337 2472 2046 2334 2487 2700 2721 2244 2442 2694 1938 2196 2532 2712
MA124 CAPE COD-PLYMOUTH, MA 2109 2109 2109 2109 2253 2340 2373 2460 2538 2370 2457 2544 2688 2766 2400 2520 2667 2337 2394 2574 2748
MA125 ESSEX CO, MA 1890 1890 1890 1890 2061 2169 2337 2571 2664 2274 2568 2676 2832 2862 2502 2646 2823 2154 2445 2709 2850
MA126 HAMPDEN COUNTY, MA 1173 1173 1173 1173 1362 1527 1590 1731 1845 1539 1728 1857 2052 2139 1650 1818 2031 1470 1623 1896 2121
MA151 MARTHA'S VINEYARD, MA 1836 1836 1836 1836 2061 2313 2463 2820 2916 2346 2817 2928 3108 3210 2748 2895 3081 2145 2649 2961 3189
MA377 HANSCOM AFB, MA 2052 2052 2052 2052 2343 2505 2601 2784 2916 2571 2781 2928 3153 3243 2694 2886 3129 2499 2664 2973 3225
MD127 ABERDEEN PROVING GROUNDS, MD 1437 1437 1437 1437 1539 1608 1716 1863 1908 1683 1860 1914 2013 2100 1821 1899 1989 1599 1788 1932 2079
MD128 ANNAPOLIS, MD 1797 1797 1797 1797 1989 2100 2193 2337 2409 2166 2334 2418 2535 2541 2283 2394 2532 2097 2253 2442 2538
MD129 BALTIMORE, MD 1638 1638 1638 1638 1704 1764 1917 2127 2199 1863 2124 2208 2334 2385 2070 2184 2322 1749 2019 2232 2370
MD130 FORT DETRICK, MD 1491 1491 1491 1491 1584 1644 1737 1884 1959 1710 1881 1968 2094 2103 1824 1944 2091 1638 1797 1995 2097
MD133 FORT G. G. MEADE, MD 1803 1803 1803 1803 1932 2010 2100 2256 2346 2076 2253 2355 2508 2544 2190 2328 2496 2004 2160 2388 2532
MD134 INDIAN HEAD NAVORDSTA, MD 1788 1788 1788 1788 1908 1998 2169 2367 2391 2103 2364 2394 2448 2466 2337 2385 2445 1980 2280 2406 2457
MD135 PATUXENT RIVER, MD 1476 1476 1476 1476 1545 1596 1695 1857 1947 1665 1854 1959 2103 2109 1791 1929 2100 1590 1758 1989 2106
MD432 OCEAN CITY, MD 1086 1086 1086 1086 1236 1326 1344 1392 1464 1341 1389 1470 1593 1626 1350 1449 1584 1323 1347 1497 1617
MD458 OXFORD,MD 1266 1266 1266 1266 1428 1677 1695 1974 2070 1689 1971 2082 2235 2241 1902 2049 2232 1464 1830 2115 2238
ME136 BRUNSWICK, ME 1026 1026 1026 1026 1221 1293 1617 1971 2244 1311 1764 2247 2274 2367 1689 2133 2271 1236 1620 2250 2364
ME139 PORTLAND, ME 1737 1737 1737 1737 1941 2052 2067 2160 2319 2064 2157 2337 2589 2628 2073 2286 2580 2049 2070 2391 2616
ME141 COASTAL MAINE, ME 1131 1131 1131 1131 1290 1410 1479 1758 1800 1425 1755 1806 1884 1905 1719 1791 1878 1308 1635 1821 1896
ME390 BANGOR, ME 867 867 867 867 1008 1236 1251 1410 1497 1248 1407 1506 1647 1659 1344 1479 1644 1041 1284 1536 1650
MI142 DETROIT, MI 1302 1302 1302 1302 1473 1698 1749 2028 2115 1713 2025 2124 2265 2271 1965 2097 2262 1506 1890 2157 2268
MI143 MARQUETTE, MI 894 894 894 894 1041 1233 1266 1305 1431 1248 1299 1443 1653 1698 1275 1401 1641 1164 1269 1488 1686
MI145 SAULT STE MARIE, MI 786 786 786 786 873 936 1053 1176 1182 1014 1173 1185 1194 1200 1164 1179 1191 927 1128 1188 1197
MI146 TRAVERSE CITY, MI 1143 1143 1143 1143 1287 1383 1530 1686 1692 1479 1683 1695 1713 1824 1674 1689 1701 1371 1626 1698 1803
MI148 GRAND HAVEN, MI 1062 1062 1062 1062 1239 1341 1416 1548 1623 1398 1545 1632 1758 1779 1488 1608 1752 1338 1467 1659 1770
MI152 BATTLE CREEK/KALAMAZOO, MI 903 903 903 903 969 1239 1266 1344 1461 1254 1341 1473 1662 1698 1275 1437 1650 1011 1269 1512 1686
MI153 LANSING, MI 990 990 990 990 1098 1278 1311 1503 1578 1293 1500 1584 1713 1752 1446 1560 1701 1161 1401 1611 1740
MI154 GRAND RAPIDS, MI 1110 1110 1110 1110 1245 1314 1488 1668 1674 1422 1665 1677 1686 1692 1659 1671 1683 1299 1599 1680 1689
MI155 ANN ARBOR, MI 1467 1467 1467 1467 1548 1755 1797 2028 2145 1770 2025 2157 2349 2403 1947 2121 2337 1599 1890 2199 2391
MI156 SAGINAW, MI 759 759 759 759 861 951 1017 1176 1209 972 1173 1212 1269 1278 1146 1203 1266 876 1104 1224 1272
MN158 DULUTH, MN 1290 1290 1290 1290 1368 1428 1551 1692 1707 1509 1689 1710 1755 1794 1668 1704 1743 1416 1629 1719 1782
MN159 MINNEAPOLIS/ST PAUL, MN 1302 1302 1302 1302 1425 1545 1620 1803 1899 1581 1800 1908 2067 2112 1734 1878 2055 1494 1698 1941 2100
MO160 KANSAS CITY, MO 1197 1197 1197 1197 1365 1461 1515 1578 1584 1506 1575 1587 1596 1602 1563 1581 1593 1458 1551 1590 1599
MO161 ST.LOUIS, MO 1224 1224 1224 1224 1392 1491 1506 1590 1731 1503 1587 1746 1962 1971 1512 1701 1959 1488 1509 1794 1965
MO162 WHITEMAN AFB, MO 735 735 735 735 819 957 1038 1131 1230 969 1128 1233 1299 1410 1086 1170 1272 873 1053 1236 1389
MO163 FORT LEONARD WOOD, MO 690 690 690 690 768 822 888 984 1014 873 981 1017 1092 1170 954 1008 1071 819 933 1032 1152
MO164 SPRINGFIELD, MO 795 795 795 795 867 915 969 1047 1077 960 1044 1080 1146 1215 1017 1071 1131 912 1005 1092 1212
MO165 COLUMBIA/JEFFERSON CITY,MO 810 810 810 810 840 867 960 1149 1302 909 1038 1305 1323 1386 999 1239 1320 864 963 1308 1383
MO344 SAINT JOSEPH, MO 717 717 717 717 795 984 999 1104 1179 996 1101 1188 1311 1317 1044 1164 1308 867 1017 1215 1314
MS168 GULFPORT, MS 969 969 969 969 1062 1125 1221 1323 1329 1194 1320 1332 1347 1407 1311 1326 1338 1119 1281 1335 1392
MS169 COLUMBUS AFB, MS 741 741 741 741 861 951 996 1047 1134 966 1017 1137 1284 1341 1008 1086 1266 933 999 1149 1326
MS170 JACKSON, MS 1074 1074 1074 1074 1197 1275 1386 1536 1581 1350 1533 1587 1674 1710 1494 1572 1665 1266 1461 1605 1698
MS171 MERIDIAN, MS 747 747 747 747 828 906 978 1059 1176 930 1041 1179 1227 1341 996 1098 1212 879 981 1182 1338
MS172 HATTIESBURG, MS 1032 1032 1032 1032 1089 1128 1167 1230 1257 1164 1227 1260 1332 1407 1200 1251 1311 1125 1191 1272 1392
MT175 MALMSTROM AFB/GREAT FLS, MT 756 756 756 756 825 873 960 1062 1152 924 1029 1155 1182 1308 996 1110 1167 870 978 1158 1284
MT347 HELENA, MT 774 774 774 774 855 1101 1149 1197 1269 1113 1167 1281 1482 1542 1158 1242 1464 906 1152 1323 1527
NC176 OUTER BANKS, NC 1257 1257 1257 1257 1410 1590 1674 1800 1851 1653 1797 1857 1950 1986 1755 1839 1941 1587 1731 1875 1974
NC177 MOREHEAD/CHERRY PT MCAS, NC 1158 1158 1158 1158 1245 1302 1320 1332 1338 1317 1329 1341 1350 1395 1326 1335 1347 1299 1323 1344 1380
NC178 CAMP LEJEUNE, NC 1098 1098 1098 1098 1197 1260 1278 1290 1296 1275 1287 1299 1308 1407 1284 1293 1305 1257 1281 1302 1386
NC179 CHARLOTTE, NC 1221 1221 1221 1221 1386 1485 1578 1695 1713 1551 1692 1716 1758 1764 1668 1710 1755 1479 1641 1725 1761
NC180 DURHAM/CHAPEL HILL, NC 1245 1245 1245 1245 1365 1497 1536 1707 1815 1509 1704 1827 1995 2013 1632 1791 1992 1434 1602 1863 2004
NC181 ELIZABETH CITY, NC 1248 1248 1248 1248 1407 1500 1521 1620 1758 1518 1617 1773 1983 1989 1527 1728 1980 1497 1524 1818 1986
NC182 FORT BRAGG/POPE, NC 1017 1017 1017 1017 1098 1239 1254 1386 1485 1251 1383 1494 1650 1656 1314 1464 1647 1149 1290 1530 1653
NC183 SEYMOUR JOHNSON AFB, NC 1098 1098 1098 1098 1101 1107 1113 1125 1206 1110 1122 1209 1233 1353 1119 1152 1230 1104 1116 1212 1329
NC184 GREENSBORO, NC 975 975 975 975 1089 1161 1197 1290 1359 1194 1287 1368 1500 1593 1236 1344 1476 1158 1227 1392 1575
NC185 RALEIGH, NC 1212 1212 1212 1212 1347 1425 1509 1644 1722 1488 1641 1731 1872 1947 1587 1704 1851 1422 1563 1758 1929
NC186 WILMINGTON, NC 1122 1122 1122 1122 1260 1341 1374 1473 1575 1371 1470 1587 1749 1758 1398 1554 1746 1338 1389 1623 1752
NC187 ASHEVILLE, NC 1182 1182 1182 1182 1290 1365 1482 1644 1701 1443 1641 1707 1812 1857 1596 1689 1800 1356 1560 1728 1845
ND188 BISMARCK, ND 897 897 897 897 1005 1239 1281 1347 1461 1254 1344 1473 1665 1719 1290 1437 1650 1071 1284 1515 1704
ND189 FARGO, ND 798 798 798 798 894 1209 1224 1278 1404 1221 1275 1416 1611 1617 1230 1377 1608 939 1227 1458 1614
ND190 GRAND FORKS, ND 918 918 918 918 1029 1146 1230 1392 1440 1188 1389 1446 1530 1548 1353 1431 1524 1095 1311 1464 1539
ND191 MINOT AFB, ND 900 900 900 900 972 1287 1305 1329 1476 1302 1326 1491 1716 1722 1311 1443 1713 1017 1308 1539 1719
NE192 OMAHA/OFFUTT AFB, NE 942 942 942 942 1071 1323 1341 1500 1599 1338 1497 1608 1770 1791 1428 1578 1761 1104 1371 1644 1782
NE193 LINCOLN, NE 885 885 885 885 966 1149 1164 1203 1326 1161 1200 1341 1533 1545 1170 1302 1527 1017 1167 1383 1536
NH194 PORTSMOUTH, NH/KITTERY, ME 1536 1536 1536 1536 1689 1848 2025 2301 2358 1935 2298 2364 2511 2724 2253 2346 2460 1773 2175 2385 2688
NH195 MANCHESTER/CONCORD, NH 1539 1539 1539 1539 1749 1914 2034 2265 2373 1977 2262 2382 2571 2658 2190 2349 2547 1863 2136 2421 2640
NJ196 ATLANTIC CITY, NJ 1416 1416 1416 1416 1626 1761 1824 1992 2127 1803 1989 2139 2358 2418 1899 2097 2343 1740 1875 2184 2403
NJ198 CAPE MAY, NJ 1182 1182 1182 1182 1314 1455 1578 1740 1782 1536 1737 1788 1884 1971 1701 1773 1863 1443 1659 1806 1953
NJ200 FORT MONMOUTH/EARLE NWS, NJ 1875 1875 1875 1875 2166 2322 2376 2478 2535 2367 2475 2544 2667 2796 2433 2523 2637 2319 2415 2565 2772
NJ201 PERTH AMBOY, NJ 1569 1569 1569 1569 1800 1995 2094 2313 2442 2052 2310 2454 2664 2700 2220 2415 2655 1956 2178 2499 2688
NJ202 NORTHERN NEW JERSEY 2112 2112 2112 2112 2412 2637 2823 3054 3111 2751 3051 3117 3225 3282 3006 3099 3210 2616 2943 3138 3270
NJ203 TRENTON, NJ 1629 1629 1629 1629 1830 1965 2184 2448 2511 2097 2445 2517 2628 2670 2400 2496 2616 1941 2325 2541 2658
NJ204 JB MCGUIRE-DIX-LAKEHURST, NJ 1473 1473 1473 1473 1668 1779 1872 2028 2121 1845 2025 2130 2289 2349 1962 2100 2274 1776 1932 2163 2334
NM205 HOLLOMAN AFB/ALAMOGORDO, NM 852 852 852 852 924 1080 1104 1278 1335 1095 1275 1341 1446 1479 1230 1323 1437 951 1185 1365 1470
NM206 ALBUQUERQUE/KIRTLAND AFB, NM 1104 1104 1104 1104 1269 1362 1458 1557 1563 1431 1554 1566 1575 1581 1545 1560 1572 1359 1518 1569 1578
NM207 CANNON AFB/CLOVIS, NM 693 693 693 693 765 972 1017 1080 1161 987 1077 1167 1311 1368 1029 1143 1293 822 1020 1197 1356
NM209 WHITE SANDS MR/LAS CRUCES, NM 780 780 780 780 918 987 1047 1248 1269 999 1245 1272 1314 1329 1224 1266 1311 933 1164 1281 1320
NM210 SANTA FE/LOS ALAMOS, NM 1272 1272 1272 1272 1413 1503 1632 1800 1917 1590 1797 1920 1992 2187 1758 1842 1950 1494 1716 1923 2154
NV211 FALLON NAS, NV 885 885 885 885 990 1065 1185 1347 1395 1134 1344 1398 1455 1605 1320 1365 1416 1032 1275 1401 1578
NV212 NELLIS AFB/LAS VEGAS, NV 1272 1272 1272 1272 1419 1503 1590 1695 1713 1566 1692 1716 1758 1785 1674 1710 1749 1500 1647 1722 1773
NV213 RENO/CARSON CITY, NV 1428 1428 1428 1428 1602 1701 1782 1911 1980 1761 1908 1986 2100 2112 1857 1965 2097 1698 1833 2013 2103
NY215 BALLSTON SPA/ALBANY, NY 1584 1584 1584 1584 1809 1938 2043 2163 2172 2013 2160 2175 2208 2271 2145 2169 2190 1932 2112 2178 2256
NY216 BUFFALO, NY 1407 1407 1407 1407 1554 1695 1884 2082 2088 1809 2079 2091 2100 2151 2070 2085 2097 1674 2007 2094 2136
NY217 WEST POINT, NY 1590 1590 1590 1590 1905 2094 2118 2283 2478 2115 2280 2496 2793 2811 2157 2436 2787 2076 2145 2562 2802
NY218 LONG ISLAND, NY 2679 2679 2679 2679 2967 3141 3369 3663 3753 3279 3660 3765 3939 4053 3594 3735 3909 3117 3516 3798 4032
NY219 NEW YORK CITY, NY 2700 2700 2700 2700 2817 2907 3102 3336 3384 3027 3333 3390 3537 3801 3294 3375 3468 2886 3228 3408 3756
NY221 ROCHESTER, NY 1080 1080 1080 1080 1212 1329 1449 1653 1695 1383 1650 1698 1779 1815 1617 1686 1767 1260 1560 1716 1806
NY222 ROME/GRIFFISS AFB, NY 1041 1041 1041 1041 1212 1551 1602 1710 1845 1563 1707 1857 2082 2151 1617 1815 2064 1254 1605 1905 2133
NY223 SYRACUSE, NY 1077 1077 1077 1077 1266 1329 1446 1713 1731 1347 1710 1734 1794 1884 1689 1725 1770 1278 1605 1743 1866
NY225 FORT DRUM/WATERTOWN, NY 987 987 987 987 1098 1164 1299 1482 1617 1227 1374 1620 1629 1785 1338 1569 1626 1161 1302 1623 1749
NY349 WESTCHESTER COUNTY, NY 2484 2484 2484 2484 3003 3279 3312 3546 3864 3309 3543 3894 4368 4374 3342 3795 4365 3276 3336 3999 4371
NY413 STATEN ISLAND, NY 2346 2346 2346 2346 2619 2772 2901 3036 3042 2859 3033 3045 3087 3297 3024 3039 3051 2763 2985 3048 3264
OH227 AKRON, OH 1047 1047 1047 1047 1107 1278 1296 1323 1467 1293 1320 1482 1707 1734 1302 1437 1701 1149 1299 1530 1722
OH228 CINCINNATI, OH 1236 1236 1236 1236 1425 1554 1650 1806 1890 1623 1803 1899 2037 2043 1743 1872 2034 1548 1713 1932 2040
OH229 CLEVELAND, OH 1164 1164 1164 1164 1293 1371 1398 1470 1542 1395 1467 1548 1674 1704 1413 1527 1665 1368 1410 1575 1695
OH230 COLUMBUS, OH 1029 1029 1029 1029 1158 1290 1344 1461 1557 1302 1458 1566 1734 1809 1392 1536 1716 1233 1368 1602 1791
OH231 WRIGHT-PATTERSON AFB, OH 936 936 936 936 1020 1080 1131 1239 1311 1122 1236 1320 1449 1497 1182 1296 1437 1074 1167 1347 1485
OH232 TOLEDO, OH 1083 1083 1083 1083 1281 1395 1443 1518 1548 1434 1515 1551 1608 1620 1488 1542 1605 1392 1476 1563 1611
OH233 YOUNGSTOWN, OH 693 693 693 693 798 888 930 1095 1125 900 1092 1128 1188 1218 1065 1119 1179 816 1020 1140 1206
OK235 ALTUS AFB, OK 693 693 693 693 744 852 918 1023 1077 867 1020 1080 1158 1245 987 1053 1134 777 954 1083 1224
OK236 VANCE AFB/ENID, OK 753 753 753 753 813 936 984 1122 1164 951 1119 1170 1260 1371 1083 1155 1245 852 1047 1188 1368
OK237 FORT SILL/LAWTON, OK 678 678 678 678 762 906 942 1011 1083 921 1008 1089 1218 1263 954 1068 1206 813 945 1116 1251
OK239 OKLAHOMA CITY, OK 939 939 939 939 1041 1158 1209 1359 1425 1179 1356 1431 1545 1572 1308 1410 1539 1101 1275 1458 1560
OK240 TULSA, OK 903 903 903 903 1008 1074 1119 1188 1206 1113 1185 1209 1260 1311 1164 1203 1248 1071 1152 1218 1302
OR241 ASTORIA, OR 1044 1044 1044 1044 1158 1389 1422 1608 1698 1401 1605 1707 1860 1905 1542 1677 1848 1239 1494 1740 1890
OR242 COOS BAY, OR 1017 1017 1017 1017 1155 1353 1428 1533 1635 1365 1530 1644 1824 1923 1461 1611 1800 1248 1431 1680 1905
OR243 PORTLAND, OR 1821 1821 1821 1821 2214 2427 2442 2454 2460 2439 2451 2463 2472 2502 2448 2457 2469 2424 2445 2466 2487
OR244 SALEM, OR 1137 1137 1137 1137 1260 1338 1431 1578 1653 1401 1575 1662 1794 1851 1521 1638 1779 1329 1494 1689 1839
OR245 CORVALLIS, OR 1200 1200 1200 1200 1341 1635 1689 1869 1986 1647 1866 1998 2193 2271 1788 1962 2175 1407 1728 2037 2253
OR246 EUGENE, OR 1419 1419 1419 1419 1566 1659 1764 1890 1911 1731 1887 1914 1968 2016 1866 1908 1956 1650 1833 1926 2001
PA247 CARLISLE BARRACKS, PA 1122 1122 1122 1122 1275 1371 1488 1650 1713 1449 1647 1719 1839 1902 1599 1701 1821 1362 1563 1743 1887
PA248 PHILADELPHIA, PA/CAMDEN, NJ 1386 1386 1386 1386 1578 1725 1854 2067 2154 1800 2064 2163 2304 2319 2001 2136 2298 1689 1953 2193 2310
PA249 WILLOW GROVE, PA 1521 1521 1521 1521 1698 1854 1995 2241 2325 1926 2238 2334 2478 2508 2175 2307 2469 1794 2115 2364 2499
PA250 PITTSBURGH, PA 1383 1383 1383 1383 1491 1695 1743 1983 2088 1707 1980 2097 2259 2265 1911 2064 2256 1554 1854 2133 2262
PA252 STATE COLLEGE, PA 1035 1035 1035 1035 1098 1311 1329 1497 1590 1326 1494 1602 1752 1779 1431 1572 1746 1140 1383 1632 1767
PA253 ERIE, PA 1029 1029 1029 1029 1125 1188 1245 1356 1425 1233 1353 1434 1551 1563 1299 1410 1548 1185 1284 1461 1554
PA254 WILKES-BARRE/SCRANTON, PA 1134 1134 1134 1134 1176 1410 1428 1608 1710 1425 1605 1719 1881 1887 1533 1686 1878 1209 1482 1755 1884
PA255 ALLENTOWN/BETHLEHEM, PA 1503 1503 1503 1503 1665 1758 1842 1950 1980 1821 1947 1986 2052 2085 1917 1974 2043 1755 1893 1998 2073
RI256 NEWPORT, RI 1461 1461 1461 1461 1620 2001 2034 2262 2418 2013 2259 2433 2676 2721 2160 2382 2664 1704 2085 2484 2709
RI257 PROVIDENCE, RI 1401 1401 1401 1401 1587 1716 1875 2049 2058 1818 2046 2061 2103 2199 2034 2055 2079 1701 1980 2064 2178
SC258 BEAUFORT/PARRIS ISLAND, SC 1251 1251 1251 1251 1458 1575 1662 1776 1803 1638 1773 1806 1890 2028 1749 1797 1854 1569 1722 1818 2001
SC259 CHARLESTON, SC 1365 1365 1365 1365 1563 1674 1752 1851 1869 1734 1848 1872 1914 1938 1830 1866 1908 1671 1806 1881 1929
SC260 COLUMBIA/FORT JACKSON, SC 1233 1233 1233 1233 1368 1449 1491 1545 1551 1485 1542 1554 1575 1653 1530 1548 1560 1446 1521 1557 1635
SC261 GREENVILLE, SC 1113 1113 1113 1113 1245 1320 1359 1440 1488 1356 1437 1494 1584 1596 1395 1479 1578 1317 1386 1515 1587
SC262 MYRTLE BEACH, SC 1188 1188 1188 1188 1275 1335 1437 1557 1575 1407 1554 1578 1644 1749 1533 1572 1617 1329 1500 1587 1728
SC263 SUMTER/SHAW AFB, SC 876 876 876 876 921 966 1014 1107 1173 999 1104 1179 1302 1365 1056 1158 1284 951 1041 1203 1350
SD264 RAPID CITY/ELLSWORTH AFB, SD 924 924 924 924 1032 1167 1230 1419 1467 1182 1416 1473 1560 1584 1377 1458 1554 1068 1329 1491 1572
SD265 SIOUX FALLS, SD 843 843 843 843 915 1089 1110 1233 1314 1104 1230 1323 1455 1485 1173 1296 1449 963 1140 1350 1473
TN266 CHATTANOOGA, TN 1074 1074 1074 1074 1269 1377 1401 1485 1602 1398 1482 1614 1797 1818 1407 1575 1791 1374 1404 1653 1809
TN267 KNOXVILLE, TN 1038 1038 1038 1038 1128 1185 1272 1398 1458 1248 1395 1464 1584 1683 1353 1446 1557 1182 1326 1485 1662
TN268 MEMPHIS, TN 1371 1371 1371 1371 1551 1653 1743 1860 1893 1719 1857 1899 1962 1971 1824 1887 1959 1650 1800 1914 1965
TN269 NASHVILLE, TN 1440 1440 1440 1440 1725 1878 1905 1953 1995 1902 1950 2001 2073 2088 1917 1986 2070 1875 1914 2016 2079
TN353 JOHNSON CITY/KINGSPORT, TN 870 870 870 870 903 951 993 1077 1146 972 1074 1152 1278 1359 1023 1131 1263 930 1011 1179 1356
TX270 ABILENE/DYESS AFB, TX 891 891 891 891 984 1131 1170 1296 1374 1146 1293 1383 1518 1569 1236 1359 1506 1041 1206 1410 1557
TX272 AUSTIN, TX 1431 1431 1431 1431 1656 1923 2046 2178 2298 1938 2133 2316 2601 2766 2073 2265 2559 1782 2049 2370 2736
TX273 BEAUMONT, TX 1065 1065 1065 1065 1221 1317 1422 1557 1593 1389 1554 1599 1674 1716 1524 1587 1662 1308 1491 1614 1704
TX274 COLLEGE STATION, TX 1077 1077 1077 1077 1254 1353 1410 1494 1515 1401 1491 1518 1575 1626 1467 1509 1560 1350 1452 1527 1611
TX275 CORPUS CHRISTI, TX 1122 1122 1122 1122 1263 1398 1497 1686 1749 1446 1683 1758 1875 1929 1632 1737 1860 1344 1587 1782 1917
TX277 DALLAS, TX 1302 1302 1302 1302 1449 1932 1947 2061 2256 1944 2058 2277 2574 2580 1953 2214 2571 1539 1950 2343 2577
TX278 LAUGHLIN AFB/DEL RIO, TX 810 810 810 810 921 1137 1182 1290 1374 1149 1287 1383 1527 1587 1227 1356 1512 951 1185 1413 1572
TX279 EL PASO, TX 987 987 987 987 1110 1185 1254 1365 1422 1236 1362 1428 1524 1530 1320 1410 1521 1182 1299 1449 1527
TX281 BROWNSVILLE, TX 924 924 924 924 1056 1176 1218 1272 1383 1188 1269 1395 1578 1635 1227 1359 1563 1128 1221 1431 1620
TX282 HOUSTON, TX 1203 1203 1203 1203 1410 1536 1605 1731 1809 1590 1728 1818 1947 1959 1671 1791 1941 1533 1650 1845 1950
TX283 LUBBOCK, TX 846 846 846 846 912 1185 1200 1212 1335 1197 1209 1350 1578 1584 1206 1302 1575 954 1203 1401 1581
TX284 GOODFELLOW AFB, TX 888 888 888 888 993 1194 1239 1380 1458 1209 1377 1467 1605 1662 1323 1443 1590 1038 1278 1494 1647
TX285 SAN ANTONIO, TX 1239 1239 1239 1239 1434 1548 1659 1773 1779 1623 1770 1782 1791 1797 1761 1776 1788 1542 1728 1785 1794
TX286 FORT HOOD, TX 945 945 945 945 1065 1137 1155 1179 1224 1152 1176 1230 1329 1428 1161 1215 1305 1134 1158 1248 1410
TX288 WICHITA FLS/SHEPPARD AFB, TX 810 810 810 810 936 1011 1050 1146 1275 1038 1107 1278 1323 1464 1068 1188 1320 1008 1056 1281 1461
TX356 FORT WORTH, TX 1269 1269 1269 1269 1425 1515 1587 1692 1734 1569 1689 1740 1827 1878 1653 1725 1812 1512 1632 1758 1863
TX415 WACO,TX 954 954 954 954 1092 1173 1221 1302 1338 1212 1299 1341 1437 1560 1266 1329 1407 1170 1254 1356 1536
UT291 OGDEN/HILL AFB, UT 1203 1203 1203 1203 1335 1419 1512 1608 1614 1485 1605 1617 1626 1689 1599 1611 1623 1413 1572 1620 1674
UT292 SALT LAKE CITY, UT 1143 1143 1143 1143 1272 1353 1455 1581 1602 1425 1578 1605 1686 1827 1554 1599 1650 1347 1521 1617 1800
UT357 PROVO, UT 1314 1314 1314 1314 1347 1383 1497 1617 1623 1461 1614 1626 1635 1695 1608 1620 1632 1377 1572 1629 1680
VA295 CHARLOTTESVILLE, VA 1419 1419 1419 1419 1554 1638 1743 1908 1986 1710 1905 1995 2157 2310 1848 1968 2118 1629 1815 2022 2283
VA296 QUANTICO/WOODBRIDGE, VA 1551 1551 1551 1551 1650 1713 1758 1818 1824 1752 1815 1827 1863 1998 1806 1821 1833 1710 1791 1830 1974
VA297 HAMPTON/NEWPORT NEWS, VA 1170 1170 1170 1170 1335 1428 1473 1533 1539 1467 1530 1542 1557 1569 1518 1536 1554 1425 1506 1545 1560
VA298 NORFOLK/PORTSMOUTH, VA 1365 1365 1365 1365 1602 1731 1746 1770 1809 1743 1767 1815 1890 1935 1752 1800 1878 1728 1749 1830 1923
VA301 RICHMOND/FORT LEE, VA 1131 1131 1131 1131 1305 1404 1422 1473 1551 1419 1470 1560 1686 1695 1428 1533 1683 1401 1425 1587 1689
VA302 WARRENTON, VA 1653 1653 1653 1653 1887 2022 2154 2310 2328 2109 2307 2331 2379 2418 2286 2325 2370 2010 2241 2340 2406
VA303 LEXINGTON, VA 906 906 906 906 987 1083 1098 1170 1272 1095 1167 1284 1443 1452 1104 1251 1440 1035 1101 1317 1446
VA362 ROANOKE, VA 987 987 987 987 1089 1155 1260 1401 1446 1227 1398 1452 1548 1629 1362 1437 1527 1146 1329 1470 1611
VA368 DAHLGREN/FORT AP HILL, VA 1470 1470 1470 1470 1617 1704 1767 1854 1875 1755 1851 1878 1926 1941 1827 1872 1920 1701 1809 1890 1932
VT305 BURLINGTON, VT 1545 1545 1545 1545 1698 1905 1989 2109 2271 1917 2106 2289 2565 2679 2010 2238 2535 1782 1992 2343 2655
WA306 BREMERTON, WA 1500 1500 1500 1500 1647 1731 1812 1944 2010 1791 1941 2016 2145 2223 1890 1995 2124 1728 1866 2043 2205
WA307 EVERETT, WA 1695 1695 1695 1695 1878 1992 2142 2319 2355 2088 2316 2358 2436 2493 2286 2346 2418 1977 2238 2373 2478
WA308 PORT ANGELES, WA 1059 1059 1059 1059 1188 1329 1419 1599 1662 1371 1596 1668 1791 1875 1548 1647 1770 1272 1506 1692 1857
WA309 SEATTLE, WA 1905 1905 1905 1905 2184 2409 2517 2790 2952 2454 2787 2967 3222 3255 2679 2916 3210 2334 2625 3021 3246
WA310 SPOKANE, WA 957 957 957 957 1077 1239 1305 1485 1545 1251 1482 1551 1671 1761 1437 1533 1647 1110 1386 1575 1740
WA311 TACOMA, WA 1518 1518 1518 1518 1695 1800 1914 2064 2115 1878 2061 2121 2220 2277 2022 2106 2205 1791 1986 2142 2262
WA312 WHIDBEY ISLAND, WA 1128 1128 1128 1128 1281 1395 1449 1557 1668 1413 1554 1680 1875 1947 1476 1644 1857 1365 1461 1722 1929
WA313 YAKIMA, WA 918 918 918 918 1032 1266 1347 1443 1536 1281 1440 1545 1716 1821 1377 1515 1686 1071 1350 1578 1800
WI316 MADISON, WI 1191 1191 1191 1191 1323 1455 1593 1743 1791 1545 1740 1794 1815 2034 1728 1746 1800 1443 1683 1797 1998
WI317 MILWAUKEE, WI 1437 1437 1437 1437 1635 1767 1923 2091 2097 1866 2088 2100 2109 2115 2079 2094 2106 1752 2028 2103 2112
WI318 SPARTA/FORT MCCOY, WI 942 942 942 942 1071 1146 1182 1260 1320 1179 1257 1326 1428 1461 1212 1305 1419 1143 1206 1347 1452
WI359 STEVENS POINT, WI 750 750 750 750 813 1011 1026 1134 1212 1023 1131 1221 1347 1368 1074 1194 1344 852 1041 1248 1359
WV320 MORGANTOWN, WV 939 939 939 939 1050 1167 1257 1434 1476 1206 1431 1482 1560 1596 1398 1467 1551 1098 1350 1497 1584
WV322 HUNTINGTON, WV 999 999 999 999 1143 1224 1281 1380 1428 1272 1377 1431 1527 1590 1338 1416 1512 1221 1323 1452 1575
WV323 CHARLESTON, WV 777 777 777 777 834 879 987 1113 1131 954 1110 1134 1170 1176 1092 1128 1167 873 1056 1140 1173
WV454 EASTERN PANHANDLE, WV 1119 1119 1119 1119 1248 1332 1452 1584 1593 1413 1581 1596 1638 1749 1569 1590 1611 1323 1530 1599 1728
WY324 CHEYENNE, WY 780 780 780 780 894 1134 1203 1278 1353 1149 1257 1362 1533 1626 1221 1332 1509 924 1206 1395 1605
ZZ510 COUNTY COST GROUP 510 798 798 798 798 885 957 1014 1125 1179 996 1122 1185 1287 1338 1083 1167 1272 939 1062 1206 1323
ZZ520 COUNTY COST GROUP 520 804 804 804 804 891 963 1020 1134 1188 1005 1131 1194 1293 1347 1089 1176 1281 945 1068 1215 1332
ZZ530 COUNTY COST GROUP 530 810 810 810 810 900 972 1029 1143 1197 1011 1140 1203 1302 1356 1098 1185 1290 954 1077 1221 1341
ZZ540 COUNTY COST GROUP 540 816 816 816 816 906 978 1038 1152 1203 1020 1149 1212 1311 1365 1107 1194 1299 960 1086 1230 1350
ZZ550 COUNTY COST GROUP 550 822 822 822 822 912 984 1044 1161 1212 1026 1158 1218 1320 1374 1116 1203 1308 969 1092 1239 1359
ZZ560 COUNTY COST GROUP 560 828 828 828 828 918 990 1053 1167 1221 1035 1164 1227 1329 1383 1122 1209 1314 975 1101 1248 1368
ZZ570 COUNTY COST GROUP 570 834 834 834 834 924 996 1059 1176 1227 1041 1173 1236 1338 1389 1131 1218 1323 981 1107 1254 1377
ZZ580 COUNTY COST GROUP 580 840 840 840 840 933 1002 1065 1182 1236 1047 1179 1242 1344 1398 1137 1224 1332 987 1116 1263 1383
ZZ590 COUNTY COST GROUP 590 843 843 843 843 936 1008 1071 1188 1242 1053 1185 1248 1353 1404 1143 1233 1338 993 1122 1269 1392
ZZ600 COUNTY COST GROUP 600 849 849 849 849 942 1011 1077 1194 1248 1059 1191 1254 1359 1410 1149 1239 1344 999 1128 1275 1398
ZZ610 COUNTY COST GROUP 610 855 855 855 855 948 1017 1086 1203 1257 1068 1200 1263 1368 1419 1158 1245 1353 1005 1137 1284 1407
ZZ620 COUNTY COST GROUP 620 861 861 861 861 957 1026 1092 1212 1266 1074 1209 1272 1377 1428 1167 1254 1362 1014 1143 1293 1416
ZZ630 COUNTY COST GROUP 630 867 867 867 867 963 1032 1101 1221 1275 1083 1218 1281 1386 1440 1176 1263 1371 1023 1152 1302 1425
ZZ640 COUNTY COST GROUP 640 873 873 873 873 972 1038 1110 1230 1284 1092 1227 1290 1395 1449 1185 1272 1380 1029 1161 1311 1434
ZZ650 COUNTY COST GROUP 650 879 879 879 879 978 1047 1119 1239 1293 1098 1236 1299 1404 1458 1194 1281 1392 1038 1170 1320 1443
ZZ660 COUNTY COST GROUP 660 888 888 888 888 987 1053 1128 1248 1305 1107 1245 1311 1416 1467 1203 1293 1401 1047 1179 1332 1455
ZZ670 COUNTY COST GROUP 670 894 894 894 894 993 1062 1137 1257 1314 1116 1254 1320 1425 1479 1212 1302 1410 1053 1188 1341 1464
ZZ680 COUNTY COST GROUP 680 900 900 900 900 1002 1068 1146 1266 1323 1125 1263 1329 1434 1488 1221 1311 1419 1062 1197 1350 1473
ZZ690 COUNTY COST GROUP 690 906 906 906 906 1008 1074 1152 1275 1329 1131 1272 1335 1443 1497 1227 1317 1428 1068 1203 1359 1482
ZZ700 COUNTY COST GROUP 700 909 909 909 909 1014 1080 1158 1281 1335 1137 1278 1344 1449 1503 1233 1323 1434 1074 1209 1365 1488
ZZ710 COUNTY COST GROUP 710 915 915 915 915 1020 1086 1164 1287 1344 1143 1284 1350 1455 1509 1242 1332 1443 1080 1218 1371 1497
ZZ720 COUNTY COST GROUP 720 924 924 924 924 1029 1092 1173 1299 1353 1152 1296 1362 1467 1521 1251 1341 1452 1089 1227 1383 1506
ZZ730 COUNTY COST GROUP 730 933 933 933 933 1038 1104 1185 1308 1365 1164 1305 1371 1479 1533 1263 1353 1464 1098 1239 1395 1518
ZZ740 COUNTY COST GROUP 740 942 942 942 942 1050 1116 1200 1323 1380 1176 1320 1389 1494 1548 1278 1368 1482 1113 1254 1410 1536
ZZ750 COUNTY COST GROUP 750 960 960 960 960 1071 1140 1224 1350 1407 1200 1347 1413 1521 1578 1302 1395 1509 1137 1278 1437 1563
ZZ760 COUNTY COST GROUP 760 978 978 978 978 1092 1161 1245 1374 1431 1224 1371 1440 1548 1602 1326 1419 1533 1158 1302 1461 1587
ZZ770 COUNTY COST GROUP 770 999 999 999 999 1113 1185 1269 1401 1458 1248 1398 1464 1575 1629 1353 1446 1560 1179 1326 1488 1617
ZZ780 COUNTY COST GROUP 780 1020 1020 1020 1020 1140 1212 1299 1431 1491 1275 1428 1497 1608 1665 1383 1479 1593 1206 1356 1521 1650
ZZ790 COUNTY COST GROUP 790 1038 1038 1038 1038 1161 1233 1323 1458 1515 1299 1455 1524 1635 1689 1407 1503 1620 1230 1380 1545 1677
ZZ800 COUNTY COST GROUP 800 1065 1065 1065 1065 1191 1266 1359 1494 1554 1332 1491 1560 1674 1731 1446 1542 1659 1263 1416 1584 1716
ZZ810 COUNTY COST GROUP 810 1092 1092 1092 1092 1221 1299 1392 1530 1590 1365 1527 1599 1713 1770 1482 1578 1698 1293 1452 1620 1755
ZZ820 COUNTY COST GROUP 820 1128 1128 1128 1128 1260 1341 1437 1578 1641 1410 1575 1647 1764 1821 1530 1629 1749 1338 1500 1671 1806
ZZ830 COUNTY COST GROUP 830 1170 1170 1170 1170 1308 1392 1491 1635 1698 1461 1632 1707 1824 1881 1584 1686 1809 1386 1554 1728 1866
ZZ840 COUNTY COST GROUP 840 1206 1206 1206 1206 1350 1437 1539 1686 1752 1509 1683 1758 1878 1935 1635 1737 1863 1431 1605 1782 1923
ZZ850 COUNTY COST GROUP 850 1257 1257 1257 1257 1407 1500 1602 1755 1821 1572 1752 1827 1950 2007 1704 1806 1935 1491 1671 1851 1995
ZZ860 COUNTY COST GROUP 860 1305 1305 1305 1305 1464 1560 1665 1821 1890 1632 1818 1896 2022 2079 1770 1875 2004 1551 1737 1923 2067
ZZ870 COUNTY COST GROUP 870 1374 1374 1374 1374 1542 1641 1755 1917 1986 1719 1914 1992 2121 2181 1863 1971 2103 1635 1827 2019 2166
